30 100
12 19 13 14 19 12 19 13 17 14 19 10 11 19 10 14 11 14 12 12 16 17 19 15 19 12 14 17 17 16 
24 14
24 21
5 23
14 15
1 20
4 24
14 13
26 6
6 7
5 4
1 2
3 2
2 4
25 21
12 27
20 21
12 2
12 19
1 4
25 10
12 11
22 13
8 28
23 25
30 8
10 24
28 23
7 25
26 27
24 25
12 17
3 28
22 21
12 28
16 15
11 10
24 23
8 27
20 19
26 2
23 21
19 5
8 5
19 18
26 22
10 19
9 8
28 27
10 28
14 19
18 14
16 1
21 5
16 23
5 6
12 13
16 5
28 29
30 13
18 26
7 11
12 10
17 8
7 17
27 3
17 18
14 4
25 16
28 24
27 15
7 8
16 18
24 26
29 2
1 9
6 14
7 3
13 21
18 28
15 8
18 5
25 26
10 9
17 16
3 4
4 30
25 6
21 29
15 10
23 8
13 3
3 25
25 17
30 29
23 22
30 22
20 18
30 3
15 1
18 7
75
27 1 3 1 39 5
15 17 11 
6 9 5 1 39 8
8 29 70 99 75 
17 24 2 1 40 3
93 30 
17 14 2 1 40 2
66 51 
27 11 2 40 40 3
15 21 
20 1 1 1 39 0
5 
27 8 1 1 40 5
38 
17 13 2 1 40 5
31 56 
17 12 3 1 40 4
63 23 34 
1 24 3 40 40 9
5 16 2 
19 22 9 40 40 0
18 17 11 99 89 83 47 90 95 
23 13 2 1 39 2
95 22 
14 7 2 1 39 9
76 9 
12 4 3 1 38 5
18 42 10 
5 30 2 39 40 1
10 86 
25 17 2 1 40 9
68 84 
1 15 4 1 40 0
19 6 1 4 
2 9 4 1 39 5
12 98 25 47 
25 16 5 1 37 1
14 2 26 89 35 
8 30 1 40 40 7
25 
2 16 11 40 40 4
40 8 87 92 98 96 33 88 58 79 72 
4 20 9 40 40 5
13 12 32 69 73 82 28 100 97 
26 4 2 1 39 4
40 13 
20 3 6 38 39 6
16 2 26 36 61 77 
28 16 2 1 40 2
27 54 
25 30 6 40 40 4
20 26 37 41 78 59 
12 15 2 38 39 8
62 89 
3 7 1 1 37 4
77 
6 20 3 39 40 0
55 42 39 
14 23 3 1 38 2
7 78 41 
16 19 2 1 39 9
72 44 
5 13 4 39 39 1
3 24 14 78 
13 21 3 38 38 6
91 92 14 
21 28 2 1 39 8
88 58 
13 24 3 1 36 4
91 32 69 
20 8 3 1 37 5
16 53 43 
24 11 3 37 37 4
69 49 36 
24 11 4 1 35 6
73 82 20 36 
27 12 3 1 33 3
48 49 62 
4 14 1 1 40 5
67 
9 13 7 40 40 0
75 52 35 80 71 77 91 
6 10 3 40 40 9
9 61 36 
14 9 3 1 39 6
50 46 83 
25 14 7 40 40 5
14 53 81 60 45 22 7 
14 7 4 39 39 2
7 91 92 28 
26 7 2 1 39 4
60 100 
20 11 4 36 36 8
97 79 49 36 
17 22 8 38 38 5
64 28 20 49 32 85 86 96 
15 17 3 39 39 2
80 71 64 
2 28 5 37 37 3
74 94 59 91 32 
4 5 8 39 39 1
85 32 49 20 82 45 33 53 
1 12 6 36 37 9
52 57 55 87 20 62 
2 13 3 38 39 8
74 94 59 
27 1 10 34 35 6
48 49 62 21 61 28 24 3 57 52 
21 13 3 1 36 7
33 96 59 
3 4 1 40 40 9
85 
27 10 2 40 40 3
48 49 
8 4 4 36 37 8
90 24 92 85 
22 24 2 36 38 8
45 73 
29 7 5 1 33 0
94 86 85 92 28 
21 27 4 39 39 6
41 37 69 48 
24 28 1 38 38 8
69 
4 19 7 34 35 4
85 92 87 55 81 97 39 
24 3 6 37 38 7
37 3 81 79 48 65 
26 11 3 36 37 3
82 28 61 
26 27 1 40 40 3
29 
5 21 1 38 38 3
53 
6 1 3 1 33 8
55 57 52 
16 1 1 38 39 0
52 
16 26 6 38 38 8
35 80 43 55 87 82 
17 15 3 1 37 7
64 71 80 
4 30 1 34 37 8
86 
2 29 1 40 40 9
74 
28 27 1 36 36 3
48 
19 6 2 40 40 0
50 76 
100
6
84
65
9
44
79
27
52
93
46
48
69
71
80
74
21
19
4
53
24
31
50
68
87
-1
90
91
26
59
8
31
64
83
41
73
65
21
86
48
76
20
62
51
14
29
13
5
68
57
35
49
71
87
98
50
74
72
2
18
38
63
81
32
22
79
19
53
85
93
42
97
3
47
100
46
-1
9
55
13
31
56
100
14
22
39
90
59
3
23
84
96
57
95
15
44
65
12
43
45
46
53
80
34
77
28
99
7
75
33
51
76
20
30
67
85
42
63
32
70
6
58
88
8
93
52
92
-1
48
54
43
67
18
-1
48
36
6
68
37
91
13
26
21
95
15
9
51
59
52
80
56
8
47
57
10
60
85
17
77
76
88
40
99
96
65
34
16
44
94
61
7
63
25
1
89
14
31
81
24
5
22
100
73
58
-1
87
34
96
36
44
86
50
49
83
20
11
78
73
7
26
74
27
60
23
22
31
89
85
84
30
13
38
56
17
46
4
75
9
3
1
41
92
-1
47
3
36
46
94
88
49
22
58
8
15
12
74
81
56
64
7
78
16
75
60
63
39
82
10
68
43
71
42
18
87
17
19
59
4
13
83
67
54
61
91
80
70
89
23
77
84
73
26
95
-1
94
69
95
80
41
85
36
87
8
9
28
39
34
83
70
23
61
97
50
21
5
60
51
14
32
4
84
90
73
57
63
35
52
99
31
49
37
65
58
3
20
26
68
22
55
86
98
24
56
2
-1
36
88
81
29
97
30
51
85
8
61
96
62
39
40
11
49
93
86
80
33
16
68
59
2
6
37
73
13
63
87
95
7
1
28
21
27
31
67
53
64
20
46
22
65
26
18
35
32
12
69
-1
79
29
15
33
38
42
37
81
12
70
21
5
2
86
10
78
75
39
62
41
72
77
30
56
34
3
94
64
19
89
99
93
88
16
27
74
87
22
7
35
80
43
45
68
28
18
90
20
55
85
-1
2
73
60
59
70
37
75
57
31
96
56
7
79
86
27
84
48
20
92
34
28
11
74
88
16
3
93
26
12
13
68
94
90
41
78
80
33
39
9
35
72
99
53
55
82
23
62
100
8
30
-1
4
12
22
93
69
16
97
25
74
63
57
3
83
41
95
19
85
68
8
33
6
70
78
27
2
99
32
5
89
67
36
87
80
56
60
58
71
10
21
76
7
73
24
13
96
46
18
75
53
92
-1
60
7
37
46
23
57
78
40
68
59
80
11
62
15
38
86
43
34
85
48
77
63
44
96
51
26
33
69
14
2
81
36
13
29
10
55
73
72
88
84
83
52
66
31
65
89
22
16
76
21
-1
75
28
98
78
31
40
23
60
26
9
30
39
51
65
43
50
24
25
77
94
85
89
81
14
96
15
74
37
73
64
29
61
13
86
3
92
7
45
49
20
69
95
59
93
27
41
80
83
52
19
-1
8
66
100
6
7
13
90
72
97
64
59
82
89
56
60
30
31
61
50
18
98
21
63
57
9
94
78
25
24
41
54
91
17
85
74
51
45
15
26
34
75
69
48
73
22
2
16
10
71
37
-1
71
27
79
81
2
51
66
75
94
3
6
67
63
65
50
28
68
41
15
57
99
18
76
91
60
86
14
26
56
84
78
37
92
13
5
80
9
52
-1
94
9
10
68
44
39
18
52
2
92
37
86
12
78
8
16
64
36
74
96
33
73
70
3
75
24
91
82
90
95
97
79
7
98
23
57
58
15
38
30
19
63
41
49
81
53
60
21
17
40
-1
84
85
62
64
4
41
66
46
80
87
40
51
12
69
43
81
92
63
33
1
99
22
55
32
27
57
24
72
14
91
10
15
61
100
38
25
98
6
75
19
3
78
71
52
59
39
96
18
30
73
-1
9
14
50
37
97
34
91
77
45
3
43
8
5
79
82
46
40
70
90
57
12
38
59
6
69
23
85
20
2
30
21
74
98
88
47
33
49
16
94
93
73
95
7
24
68
36
35
17
87
27
-1
88
67
87
28
23
92
-1
52
76
74
98
7
99
37
45
79
90
35
42
11
92
32
67
82
83
75
85
87
97
65
54
2
69
86
49
6
72
80
43
47
38
73
21
71
64
18
15
26
57
63
34
44
53
14
20
62
22
-1
90
28
1
18
80
6
13
21
3
11
30
70
44
72
36
26
34
55
25
33
52
9
59
76
66
41
78
87
57
56
91
54
49
2
43
97
5
4
75
35
53
95
77
48
14
47
20
82
12
27
-1
-1
21
76
47
78
61
94
22
48
84
79
96
90
42
74
80
41
35
53
38
11
57
95
65
6
9
75
44
18
92
67
12
36
73
59
-1
34
29
62
18
3
55
39
16
66
6
79
9
93
86
89
41
20
63
28
73
46
48
11
54
13
92
100
69
80
53
94
24
83
8
91
88
44
19
57
96
43
38
32
42
67
22
33
78
4
47
-1
42
48
2
57
85
33
45
1
20
14
30
92
25
32
9
82
23
83
75
90
19
77
22
52
38
72
39
74
68
44
37
47
67
63
76
51
27
55
99
13
41
73
96
50
4
100
66
84
8
53
-1
97
22
89
34
51
9
28
99
88
94
59
47
37
82
78
66
24
18
5
61
90
49
95
100
79
75
71
3
55
91
16
73
8
93
83
1
13
81
-1
100
30
62
11
94
93
37
98
20
63
45
92
34
51
54
77
16
83
39
44
41
36
28
96
90
73
89
3
70
32
23
56
64
75
99
53
61
35
58
22
65
91
60
14
80
12
29
1
84
33
-1
91
82
96
79
34
25
70
77
3
6
44
12
76
54
18
74
40
31
64
90
47
62
92
71
49
43
51
93
86
27
29
33
69
19
5
46
22
94
26
57
15
80
42
97
98
8
52
65
21
38
-1
29
95
1
43
88
5
63
78
35
66
54
18
15
49
44
6
57
45
30
67
72
46
48
61
94
10
51
23
80
13
83
96
36
75
56
19
2
33
58
26
98
8
20
28
71
77
3
82
40
16
-1
100
17
7
45
93
35
30
80
2
77
12
68
94
69
22
34
74
70
65
66
79
61
91
19
4
48
42
82
11
54
62
38
72
32
98
97
31
88
71
64
9
67
50
36
33
75
23
59
15
16
-1
74
18
69
8
78
27
54
99
94
82
9
43
95
47
37
23
5
35
88
77
44
45
91
81
34
15
50
25
39
32
63
96
71
2
84
42
1
62
56
93
48
53
22
6
7
29
61
17
19
21
-1
37
-1
53
89
96
11
46
70
-1
48
36
82
98
30
90
4
29
84
99
25
33
61
83
65
6
63
40
11
78
88
55
97
43
10
-1
65
51
2
17
89
15
30
31
9
7
67
91
45
5
100
54
90
26
37
77
62
1
44
42
58
93
76
4
49
29
95
12
86
18
59
-1
35
65
96
81
86
56
48
89
82
42
62
40
31
33
1
39
19
7
10
45
50
87
20
99
4
97
94
85
74
26
47
83
32
38
93
78
88
2
67
17
22
-1
86
23
2
52
42
34
45
6
49
31
22
24
95
26
8
80
99
79
89
46
43
72
47
33
12
78
88
69
1
-1
27
23
57
68
29
40
5
93
46
53
56
19
85
25
67
52
84
47
97
3
99
62
34
43
77
54
26
4
72
1
55
81
24
66
65
50
12
51
36
2
11
78
76
96
21
63
69
38
31
82
-1
94
9
16
18
95
88
97
81
62
47
78
71
30
87
85
96
65
83
39
55
66
57
43
13
67
69
54
46
8
53
25
27
36
12
70
49
59
14
38
21
79
35
51
20
80
74
48
40
99
72
-1
89
90
65
15
98
28
16
29
3
56
6
69
43
1
50
78
10
12
41
21
11
33
61
93
18
82
76
55
75
57
46
25
53
67
77
63
80
32
23
91
52
86
92
42
38
36
85
13
48
51
-1
26
33
35
69
-1
1
96
66
27
65
44
92
87
64
36
100
10
95
39
56
5
49
18
68
98
38
13
78
55
57
63
-1
91
37
48
81
70
78
11
40
34
28
43
26
92
4
58
71
49
42
1
64
62
76
46
95
23
54
21
56
82
35
61
44
55
83
51
19
94
2
39
96
17
3
90
100
74
57
8
97
20
10
-1
87
98
37
13
48
6
63
78
19
85
92
30
47
96
42
62
5
54
88
53
-1
12
83
17
95
82
27
9
21
11
80
64
41
19
59
56
87
74
73
60
1
30
84
96
34
25
8
67
40
58
15
47
66
24
81
72
76
2
53
91
88
37
92
89
14
28
20
93
97
57
39
-1
53
23
78
46
10
34
76
92
52
84
99
41
83
90
44
12
86
69
22
74
97
65
75
33
95
77
79
51
29
39
36
40
55
47
66
61
15
98
24
16
50
5
85
88
21
54
87
26
28
48
-1
66
88
29
93
27
45
47
71
4
58
14
2
15
70
97
43
96
8
44
1
75
30
46
48
34
51
94
42
90
26
59
69
37
82
86
64
23
39
100
78
57
95
63
9
13
85
53
16
52
28
-1
26
90
85
8
71
78
18
91
74
86
32
33
50
70
92
23
98
1
57
49
42
37
15
81
9
52
56
45
24
96
22
97
25
34
19
20
54
11
4
93
5
6
7
47
72
79
27
-1
64
39
9
68
40
99
48
-1
96
34
47
63
51
98
81
16
44
33
48
60
25
31
50
43
17
26
35
82
4
38
12
73
59
23
41
62
100
88
18
66
6
20
7
-1
77
33
25
92
95
7
55
39
76
14
40
44
51
91
70
62
50
98
78
16
3
58
9
45
17
36
28
2
34
21
88
47
42
37
32
20
68
12
99
93
22
6
24
1
75
81
89
67
-1
70
65
18
92
75
96
94
98
20
87
25
19
41
5
68
88
97
84
74
40
72
16
81
21
28
79
57
71
17
69
59
80
99
52
33
26
6
39
45
4
32
34
62
2
100
73
54
14
55
22
-1
27
65
25
38
96
43
64
75
22
95
99
97
62
6
40
15
91
98
11
68
51
79
10
18
90
14
87
48
9
70
83
13
92
55
28
29
5
44
26
61
-1
77
43
75
38
71
42
93
41
59
1
18
95
51
34
32
53
100
39
96
12
86
17
99
24
61
64
88
21
50
90
56
29
82
-1
98
6
23
27
35
10
30
80
44
68
52
96
43
95
84
77
85
72
-1
23
29
22
83
4
84
30
87
3
26
96
36
93
35
72
52
16
60
100
41
65
47
82
56
24
58
-1
95
62
76
42
80
77
98
50
59
14
79
41
86
89
24
67
1
54
73
53
31
85
69
82
65
12
26
72
90
9
57
48
91
68
88
92
21
11
37
81
18
32
25
56
64
60
74
36
51
46
-1
66
94
43
61
57
38
8
10
85
67
45
77
44
16
35
7
37
87
91
64
29
96
17
39
55
76
42
6
100
1
36
34
74
2
26
20
82
5
88
98
18
56
47
60
49
83
80
22
50
9
-1
59
37
85
14
45
13
96
36
72
18
71
49
99
43
35
11
3
5
94
82
68
76
39
44
83
60
21
2
77
66
12
100
56
51
55
78
84
29
25
69
58
70
92
81
40
50
52
10
65
24
-1
16
7
61
19
55
56
68
42
29
52
31
10
88
36
96
48
75
23
27
86
57
44
41
58
12
73
82
59
97
51
67
92
43
91
62
95
14
33
81
18
71
50
39
94
87
54
20
1
28
65
-1
85
32
74
46
26
4
16
21
7
48
17
9
67
77
78
82
86
50
96
91
5
95
100
37
51
76
92
33
81
8
-1
35
13
31
18
74
97
73
58
11
43
87
59
37
2
84
79
23
29
60
96
52
48
78
100
81
15
25
21
14
66
34
6
39
65
40
56
86
95
8
67
61
20
90
32
80
88
75
30
92
64
-1
41
62
1
95
75
42
71
46
88
67
45
61
27
37
34
15
2
92
47
91
10
16
48
76
94
25
51
4
79
84
3
19
85
57
39
12
54
70
99
81
18
87
74
77
68
73
56
35
38
59
-1
99
80
16
13
25
-1
50
5
39
33
81
64
97
86
59
51
76
98
21
41
93
91
30
77
71
13
99
28
22
67
2
14
82
47
9
46
6
61
17
83
18
20
65
24
66
89
25
100
11
63
23
62
7
87
68
1
-1
29
66
74
82
95
96
43
73
15
90
45
10
53
97
41
59
44
34
19
64
85
84
89
36
100
57
65
94
93
28
18
2
67
72
81
27
35
49
7
92
40
14
76
47
46
1
86
79
48
13
-1
21
64
77
28
59
83
54
55
63
26
39
41
11
94
20
24
72
33
7
57
81
73
69
30
14
65
45
46
84
44
5
40
15
3
89
98
80
66
91
58
8
32
56
4
68
99
42
52
27
9
-1
14
51
19
41
64
72
37
82
4
76
89
39
34
13
44
95
83
98
90
3
8
78
40
45
86
85
-1
96
37
38
6
23
70
91
19
36
12
72
92
27
17
62
73
30
100
65
2
60
74
13
57
16
18
43
-1
23
10
92
9
38
67
17
77
95
20
46
6
83
32
61
55
71
26
24
11
22
39
37
5
100
86
16
19
94
1
25
45
8
73
81
56
60
14
53
52
74
68
84
2
51
57
96
30
12
98
-1
49
1
88
7
10
89
21
59
44
3
61
65
39
55
18
95
62
19
73
78
83
25
50
71
47
87
29
14
24
48
42
82
6
94
90
36
31
17
-1
2
88
87
64
41
9
62
18
15
38
60
7
57
22
16
74
-1
56
1
37
7
52
74
8
89
55
76
65
78
42
19
91
58
59
66
54
77
49
21
88
34
12
48
47
70
62
69
3
11
100
36
38
83
18
84
68
33
67
75
16
28
26
96
98
32
46
79
-1
1
71
95
58
61
94
63
37
32
77
19
34
80
23
46
70
26
65
29
55
39
75
38
25
44
93
51
41
11
18
57
42
72
82
14
64
59
98
76
2
13
90
81
43
36
28
60
12
17
15
-1
77
3
29
91
25
63
18
72
79
24
74
40
7
95
11
30
23
68
86
66
39
58
1
4
22
100
60
10
15
17
98
44
42
50
46
62
82
97
51
59
9
69
78
6
67
75
65
20
61
13
-1
80
2
20
95
87
56
23
27
42
10
89
34
21
45
65
12
5
33
37
72
84
69
81
40
7
70
39
28
15
99
98
1
48
59
63
44
32
18
19
52
6
58
55
83
57
4
24
41
35
77
-1
70
11
13
74
93
49
84
61
92
40
71
12
44
5
68
72
73
30
37
36
95
79
-1
97
39
5
30
75
1
23
26
42
34
80
19
69
96
93
73
62
54
76
28
65
3
36
7
40
64
12
4
13
55
32
92
83
44
37
71
53
78
82
25
50
6
20
16
86
58
49
17
70
21
-1
44
86
55
94
73
34
99
60
43
29
83
89
35
61
54
16
28
33
69
6
27
37
80
12
66
65
26
32
21
59
22
46
91
30
68
48
14
85
52
63
67
18
20
8
3
15
71
1
7
92
-1
76
43
33
17
2
31
5
84
75
88
68
28
92
19
53
55
32
86
7
40
47
11
54
24
100
34
38
80
73
77
22
78
94
82
63
72
-1
56
91
33
58
72
43
94
47
49
12
40
76
70
37
81
23
9
36
19
77
25
55
46
30
6
66
24
87
7
75
17
31
20
10
84
99
48
1
-1
2
78
83
25
41
71
15
82
80
55
27
88
21
32
18
19
12
47
89
22
66
61
81
58
31
96
16
93
68
23
35
64
29
52
8
10
39
57
72
17
-1
37
83
15
5
73
20
70
74
89
16
60
42
41
18
49
65
19
98
82
23
28
100
59
68
29
94
54
58
71
56
50
86
10
97
46
52
69
6
39
34
67
91
80
11
38
33
45
32
8
92
-1
32
66
49
25
30
4
11
51
15
22
74
33
78
45
46
27
100
5
75
89
12
56
63
73
48
7
34
99
2
76
58
28
20
93
80
65
68
14
52
90
95
9
43
79
40
71
17
77
55
19
-1
50
16
80
69
9
90
89
97
85
11
70
28
40
35
41
34
93
76
94
84
43
38
75
79
12
1
14
51
92
72
27
82
68
21
47
56
96
29
20
6
-1
52
91
42
3
59
54
94
87
86
69
8
83
32
89
66
58
80
38
75
99
48
90
95
81
4
50
21
37
13
19
96
72
11
20
53
23
28
12
60
85
29
65
24
31
47
22
39
36
73
44
-1
71
19
3
97
60
17
61
77
1
39
11
46
64
10
44
52
27
26
34
63
37
96
40
25
15
48
35
100
62
23
30
98
79
74
78
8
5
66
12
88
82
38
91
70
95
59
73
33
58
69
-1
58
93
20
82
54
61
70
78
71
85
7
11
50
95
62
8
16
69
99
51
46
55
56
84
60
64
41
90
30
31
19
13
21
6
75
97
35
17
10
32
18
80
12
87
14
68
67
9
73
53
-1
69
56
70
31
61
68
84
7
6
71
34
19
5
49
99
48
54
92
58
26
12
21
22
30
83
74
78
16
36
79
85
15
81
25
46
67
73
33
43
77
96
8
93
38
23
66
64
24
18
65
-1
16
45
97
88
70
84
64
93
14
76
32
7
3
50
30
55
79
49
37
34
73
87
-1
97
96
45
93
54
3
86
38
67
79
60
56
64
8
70
48
61
21
25
2
91
18
59
69
29
44
49
32
34
100
74
22
55
84
76
17
71
43
92
26
98
75
83
35
46
37
72
6
4
68
-1
1
24
88
2
21
34
84
23
46
90
53
47
31
27
57
89
22
94
60
16
3
19
83
15
41
12
69
20
82
50
14
67
91
56
32
5
63
66
78
70
30
87
74
39
10
76
81
8
44
77
-1
15
92
26
30
28
46
53
12
44
25
33
48
7
19
83
51
18
60
77
65
99
50
11
70
21
58
37
8
57
56
63
3
69
22
75
6
39
41
93
73
76
59
82
49
42
20
88
86
97
-1
98
50
59
64
34
24
2
66
32
1
38
22
12
15
26
71
95
78
73
96
97
30
48
3
44
16
91
94
76
37
11
79
8
39
43
56
99
67
51
23
18
75
93
53
88
54
82
35
70
52
-1
60
20
72
44
97
78
48
83
29
40
21
95
34
61
80
85
25
87
41
35
16
51
12
100
74
54
59
73
-1
9
21
36
53
7
78
17
12
28
15
92
51
59
83
1
10
46
85
79
37
68
66
39
2
26
50
62
19
35
45
96
63
4
100
44
87
93
84
5
32
88
6
95
20
52
70
76
30
16
43
-1
77
66
65
10
2
50
78
69
39
96
11
27
32
63
52
40
16
29
47
98
57
17
85
14
41
15
22
3
72
45
91
7
56
42
83
86
24
93
62
71
49
67
61
28
20
64
53
80
38
43
-1
26
3
21
41
2
62
54
5
14
58
91
23
34
9
69
17
13
53
12
61
25
32
65
98
82
56
73
68
35
49
57
31
19
43
77
20
30
100
38
33
71
96
39
16
22
59
85
55
74
50
-1
25
13
5
75
8
38
14
27
23
29
80
55
62
37
22
97
88
31
18
17
82
71
10
11
28
69
51
21
6
26
56
68
16
93
20
39
65
58
24
1
52
85
90
49
87
4
34
95
46
12
-1
