200 392
0 19 0 0 16 0 5 5 0 0 15 0 0 0 0 0 0 0 0 0 0 7 0 0 0 4 0 0 2 0 0 0 0 0 0 0 7 13 0 0 0 20 0 0 0 0 0 0 0 0 13 0 0 0 0 3 0 0 0 0 0 0 0 0 0 0 0 2 0 0 0 0 0 0 0 0 1 0 14 0 20 0 0 0 0 0 0 0 0 0 0 0 16 12 0 0 0 0 0 0 8 0 0 0 0 0 0 0 0 0 0 0 1 7 3 0 7 0 0 0 0 14 0 9 0 0 0 0 0 0 0 0 0 0 0 0 10 0 0 0 9 0 0 0 0 1 0 0 0 0 0 0 0 14 0 0 0 0 0 0 0 0 0 9 0 0 0 0 0 0 0 0 0 0 17 0 0 0 0 0 8 8 0 0 0 0 0 5 0 0 0 0 2 0 18 0 0 14 0 0
1 6
1 10
1 59
1 96
2 18
2 39
2 126
3 110
3 143
4 40
4 66
4 108
4 163
4 176
5 99
5 114
6 10
6 23
6 55
7 29
7 109
7 200
8 15
8 90
8 94
8 163
8 176
9 58
9 72
9 146
10 23
10 35
10 96
11 22
11 104
11 117
12 30
12 110
12 171
13 26
13 89
13 127
14 30
14 86
14 102
14 153
14 185
15 94
15 162
15 186
15 191
16 41
16 88
16 195
17 97
17 98
17 104
17 114
17 161
18 94
18 135
18 162
19 37
19 47
19 72
19 105
20 49
20 65
20 83
20 101
21 115
21 139
21 174
21 194
22 51
22 71
22 117
22 172
22 180
23 57
24 129
24 140
24 200
25 84
25 112
25 166
26 76
26 127
27 76
27 79
27 155
27 182
28 53
28 60
28 83
28 146
29 73
30 33
30 110
30 143
30 153
31 35
31 86
31 159
31 160
32 63
32 123
32 133
32 184
33 133
33 171
33 185
34 82
34 85
34 92
34 166
35 96
35 160
36 40
36 42
36 87
37 72
37 95
37 103
37 105
38 75
38 77
38 153
38 165
39 100
39 120
40 108
40 176
41 48
41 120
41 187
42 137
42 176
43 89
43 121
43 177
43 197
44 59
44 96
44 102
44 118
45 49
45 68
45 101
46 51
46 56
46 70
46 179
47 105
47 150
48 187
48 193
49 83
49 144
50 125
50 149
50 188
51 70
51 71
51 87
51 180
51 189
52 81
52 82
52 166
53 58
53 60
53 174
54 130
54 134
54 141
54 170
54 183
55 164
56 169
56 196
57 64
57 67
57 111
58 139
58 168
58 174
59 142
59 147
59 148
59 164
60 144
60 169
60 196
61 88
61 122
61 138
61 154
62 161
62 173
63 123
63 125
63 188
64 111
64 154
64 195
65 101
65 150
66 79
66 161
66 163
66 199
67 106
67 145
68 101
68 105
69 139
69 190
69 194
70 180
71 108
71 172
72 103
72 168
73 113
74 109
74 197
75 86
75 159
75 165
76 89
77 112
77 153
78 129
78 130
78 167
78 175
78 192
79 181
79 182
80 121
80 131
80 177
80 182
81 84
81 159
81 160
82 91
82 111
83 146
83 150
84 159
84 166
85 156
85 166
87 189
88 138
89 155
90 94
90 132
90 163
90 187
91 92
91 93
91 111
91 151
92 151
92 152
92 156
93 111
93 119
93 122
93 151
94 100
95 103
95 105
96 102
97 98
97 114
98 104
99 127
99 199
100 187
102 118
102 185
103 128
103 168
104 117
106 126
106 157
106 164
107 132
107 140
107 187
107 193
108 173
109 200
110 143
112 165
113 175
113 183
115 135
115 158
115 194
116 152
116 198
117 172
118 147
118 185
119 124
119 151
119 167
119 192
120 126
120 145
120 187
120 195
121 131
121 177
121 197
122 154
123 133
123 148
124 130
124 152
124 167
124 170
124 198
125 178
125 188
126 145
126 157
128 149
129 138
129 175
129 192
130 167
130 170
130 183
131 140
132 163
132 181
133 147
134 170
134 198
135 136
135 157
135 162
136 142
136 148
136 190
136 194
137 189
137 191
138 192
139 174
140 193
142 157
142 164
143 153
145 195
146 150
147 148
147 185
149 184
151 152
154 195
155 177
155 182
158 162
158 186
159 160
159 165
161 199
163 176
163 181
167 192
168 178
169 179
169 186
169 196
170 198
171 184
172 173
175 183
175 200
178 190
179 189
181 182
184 188
186 191
190 194
1391
112 70 23 11 11 11
299 129 128 360 9 8 99 37 39 383 390 330 329 378 186 171 172 193 379 153 150 166 220 
180 51 2 29 29 2
220 163 
13 185 17 12 12 8
41 258 91 90 239 376 261 259 60 62 348 347 358 188 143 145 285 
68 154 34 34 34 9
148 147 159 192 172 173 187 186 378 387 218 219 352 346 61 60 25 23 51 354 137 138 14 13 341 292 294 316 317 361 214 183 182 205 
89 65 37 40 40 8
231 89 91 368 319 140 142 227 226 297 386 237 234 81 82 293 292 341 375 27 24 259 60 62 49 50 380 193 192 159 147 149 70 69 250 362 208 
11 63 27 18 30 58
36 77 75 164 221 132 10 13 26 24 259 60 62 49 50 371 303 71 74 352 350 323 107 109 390 330 202 
180 113 29 39 39 8
79 77 36 35 280 278 279 58 59 210 212 282 281 88 40 41 139 141 368 369 244 241 320 227 226 21 20 97 225 
102 173 21 18 18 9
285 364 363 190 188 349 346 61 5 7 314 135 136 283 274 48 23 27 14 12 296 
173 141 31 18 28 50
200 199 210 209 240 369 368 243 241 140 142 227 226 297 22 20 97 225 300 335 334 197 196 272 271 310 328 345 344 177 176 
114 99 2 8 8 2
16 15 
146 38 16 20 20 7
30 29 122 63 66 276 275 286 333 365 383 111 98 100 360 128 
114 99 2 1 5 7
16 15 
135 194 2 33 33 2
346 352 
184 199 15 32 32 7
390 162 160 329 387 351 346 61 60 259 260 341 211 210 374 
17 20 29 35 35 9
55 278 280 288 307 222 221 12 13 375 133 119 121 256 167 75 79 220 152 153 379 180 181 194 192 159 147 149 70 
9 112 20 31 31 7
29 224 378 329 202 106 107 323 190 189 343 110 111 39 38 8 9 360 233 232 
171 16 17 7 7 8
39 37 100 360 128 127 232 299 230 229 246 168 169 249 204 206 54 
6 56 18 16 16 9
17 32 117 144 143 191 359 358 347 302 71 72 356 173 93 94 193 180 
151 171 17 12 12 8
266 263 269 254 255 170 168 245 84 85 232 233 360 9 8 38 39 
182 133 14 15 15 8
389 376 261 24 23 51 391 371 303 304 352 350 323 322 
54 2 37 33 33 7
175 345 328 324 337 236 237 385 301 225 97 20 22 297 226 227 320 318 242 243 368 258 231 89 92 389 342 292 294 136 135 315 214 213 290 332 7 
20 60 3 2 2 3
67 159 192 
21 5 41 32 34 18
73 356 185 28 29 224 287 124 63 66 154 155 251 250 96 94 194 381 180 151 152 163 166 79 77 288 280 278 279 58 59 199 200 384 222 221 12 11 212 282 15 
113 54 2 26 26 2
301 178 
38 134 12 35 35 7
128 233 232 85 86 116 115 268 325 328 382 344 
61 58 15 10 10 7
196 321 205 206 317 314 332 358 349 351 392 219 217 356 187 
55 46 27 30 30 8
19 1 2 31 80 184 204 205 321 196 197 257 53 52 135 131 130 274 25 23 51 354 353 256 165 163 152 
26 88 18 16 16 7
88 42 41 139 141 319 318 242 244 389 342 260 262 136 135 317 54 53 
154 117 17 28 28 8
367 361 315 135 136 283 274 48 23 27 14 11 212 374 59 57 288 
39 19 19 19 19 8
6 7 332 290 291 191 188 349 346 302 304 392 387 378 287 275 123 125 66 
24 190 18 2 2 7
82 293 295 157 156 316 315 331 332 358 188 190 350 346 302 304 219 218 
28 9 2 2 3 4
96 30 
121 197 2 2 2 2
140 142 
176 40 2 32 32 2
14 10 
158 31 25 30 30 8
370 348 302 304 392 387 329 160 162 203 106 108 110 111 39 38 99 101 233 127 126 229 246 247 105 
42 103 13 29 29 6
137 354 391 380 193 172 173 356 185 186 224 122 124 
122 88 2 9 9 2
196 195 
58 139 2 20 20 2
187 356 
191 158 2 6 7 4
391 371 
107 140 2 34 34 2
295 357 
38 192 22 6 6 7
127 232 85 84 245 168 170 116 113 249 184 182 206 367 321 272 271 312 236 234 334 355 
125 159 10 2 2 8
330 390 383 39 38 99 101 128 126 229 
88 123 21 27 27 8
53 52 136 283 130 131 314 7 5 61 302 304 392 387 329 160 162 203 106 108 322 
57 9 13 40 40 8
183 213 290 358 349 352 74 72 185 186 287 223 29 
187 107 4 20 20 2
136 134 157 295 
43 57 17 3 3 8
140 320 227 226 21 22 386 335 234 236 312 311 266 264 270 204 182 
109 173 13 17 17 8
226 227 320 241 243 368 369 240 209 212 374 199 200 
187 112 15 27 27 7
156 134 135 317 206 182 80 31 32 102 104 246 245 84 85 
2 38 49 36 36 8
6 131 316 136 134 157 295 292 260 24 25 60 62 49 50 380 379 388 256 165 164 222 78 79 220 152 151 181 194 172 171 186 378 329 202 203 390 109 108 110 98 99 298 360 233 232 299 230 126 
72 67 25 22 23 10
29 30 362 251 95 93 173 187 185 217 219 392 351 346 347 358 188 3 2 31 18 19 179 291 213 
131 177 2 39 39 2
318 319 
67 197 22 14 14 7
183 80 18 19 179 291 290 332 331 315 317 54 52 136 262 261 376 389 244 242 318 320 
194 81 11 9 9 7
352 349 359 191 3 4 33 32 102 105 247 
105 37 2 12 12 2
66 63 
60 83 2 25 25 2
94 95 
104 43 19 29 30 11
57 58 16 15 281 42 41 231 89 90 239 389 369 368 243 242 318 320 142 
88 148 10 30 30 7
195 198 367 361 315 314 332 358 188 190 
10 102 2 38 38 2
33 277 
69 38 16 25 25 7
219 392 387 329 160 161 365 383 39 37 101 233 232 299 230 126 
108 7 9 39 39 6
132 133 375 341 292 293 82 83 22 
87 137 2 13 13 2
256 353 
3 153 3 38 38 2
9 100 101 
48 134 21 7 7 7
157 357 82 83 386 385 339 235 238 336 334 257 195 196 272 271 312 326 327 177 175 
175 54 2 37 37 2
385 178 
70 179 2 10 10 2
152 153 
113 54 2 24 24 2
301 178 
82 109 14 17 17 7
248 266 311 312 236 235 174 178 301 300 335 81 83 297 
180 9 12 10 10 7
220 163 165 256 388 379 180 181 194 94 96 30 
153 12 3 31 31 2
46 43 37 
87 69 18 10 10 7
121 120 138 375 26 23 49 62 61 302 304 74 72 185 186 378 387 218 
3 12 2 32 32 2
8 38 
114 99 2 39 39 2
16 15 
43 18 17 31 31 7
141 243 241 318 340 293 295 157 134 135 316 262 259 25 23 49 62 
147 122 9 24 24 6
363 190 3 1 18 80 182 205 321 
59 185 2 7 7 2
189 364 
64 17 21 16 16 6
182 183 213 290 332 314 316 294 292 341 13 12 296 384 78 34 36 288 280 278 55 
67 113 16 13 13 6
214 331 314 135 52 54 206 205 198 195 257 355 336 234 237 300 
146 133 33 12 15 19
30 29 224 287 286 333 161 162 203 201 107 109 383 111 98 101 128 129 230 228 103 104 372 118 32 33 144 146 284 45 47 364 343 
158 135 2 35 35 2
370 348 
167 129 2 36 36 2
236 234 
65 70 11 1 1 6
208 251 69 67 159 192 194 181 151 150 163 
24 192 4 18 18 2
83 386 237 238 
169 67 16 24 24 6
380 391 51 48 274 283 156 134 135 314 7 5 61 347 290 213 
15 197 12 12 13 9
23 24 260 342 389 92 89 231 139 141 319 320 
36 136 22 33 33 6
119 133 138 137 354 391 371 370 49 23 26 261 259 60 61 302 71 72 217 219 392 351 
193 26 9 3 3 5
357 340 242 241 319 368 258 231 87 
143 12 2 35 35 2
100 37 
73 80 23 30 30 5
97 20 21 297 83 82 357 157 156 294 292 260 261 211 209 240 92 91 258 139 141 319 241 
23 134 9 16 16 6
80 184 265 263 268 305 306 382 344 
146 100 9 27 27 6
96 94 193 380 391 51 23 25 274 
76 100 9 26 26 5
231 258 91 90 239 376 261 262 283 
55 193 13 25 25 6
19 1 2 31 80 182 206 54 52 135 316 294 295 
149 10 9 7 7 6
365 383 111 112 47 45 145 144 33 
48 21 14 26 26 6
156 316 315 331 7 5 61 346 351 392 219 217 356 73 
50 83 13 17 17 5
162 330 329 387 392 74 72 356 173 93 96 362 251 
172 13 10 25 25 6
307 288 280 278 55 58 16 15 281 42 
53 133 8 13 13 5
171 185 72 74 352 350 323 322 
83 50 14 27 27 6
251 362 30 28 186 224 122 63 66 276 275 286 333 161 
183 145 10 9 9 6
385 335 81 82 357 157 134 136 316 315 
61 195 2 14 14 2
198 367 
135 77 11 4 4 5
346 350 363 364 112 111 39 37 43 46 233 
78 119 2 2 2 2
236 312 
173 39 8 10 10 5
296 12 13 341 292 294 316 131 
127 193 19 38 38 5
88 40 41 231 89 90 239 389 369 368 319 241 242 340 293 294 136 134 157 
56 199 9 5 5 5
151 150 164 222 384 200 199 210 212 
28 164 9 12 12 5
94 172 171 185 72 74 352 349 359 
139 174 2 23 23 2
72 73 
125 38 9 6 6 5
202 201 107 108 110 98 100 360 128 
112 75 2 35 35 2
299 230 
10 6 2 16 16 2
31 18 
180 46 3 28 28 2
220 163 150 
175 166 9 20 20 6
385 178 174 324 325 268 269 254 255 
111 52 2 31 31 2
249 169 
51 48 14 36 36 5
75 34 36 307 384 296 12 13 26 23 48 274 283 156 
135 12 12 11 11 6
347 290 291 359 188 189 364 47 43 100 298 38 
85 185 8 31 31 6
255 86 85 299 230 228 44 47 
124 134 2 1 1 2
328 345 
32 47 9 10 10 6
106 203 390 365 333 286 223 65 64 
187 46 11 31 31 5
294 292 341 13 14 133 119 121 165 163 152 
99 17 3 20 20 3
282 374 59 
22 193 24 13 13 6
34 35 57 56 278 279 16 15 282 374 210 209 240 369 368 243 241 318 340 293 294 136 134 157 
79 179 8 22 22 6
239 342 341 375 138 137 353 388 
63 191 8 11 11 5
106 107 323 350 346 348 49 51 
3 23 13 33 33 6
8 298 360 233 127 129 230 229 104 102 117 33 31 
199 66 2 33 33 2
374 210 
87 5 18 36 36 6
121 120 138 375 376 389 240 90 89 87 40 42 281 282 374 59 58 16 
44 147 2 15 15 2
143 189 
20 70 8 2 2 6
69 95 94 194 181 151 150 163 
75 67 14 26 26 6
229 104 105 118 32 31 18 1 3 188 358 332 289 213 
175 167 2 26 26 2
237 236 
178 69 2 22 22 2
387 218 
97 137 10 34 34 6
55 57 35 36 307 78 76 164 167 353 
120 2 2 39 39 2
314 7 
49 176 10 4 4 5
159 192 194 181 151 150 165 121 120 138 
172 76 15 24 24 5
78 79 166 165 121 119 133 375 341 342 239 90 91 258 231 
85 24 10 37 37 5
254 269 267 311 310 324 235 237 335 81 
152 86 21 10 10 6
325 324 235 236 312 311 266 248 113 116 253 84 85 299 230 229 246 247 118 102 103 
72 44 23 29 29 6
65 66 125 123 275 286 333 365 383 39 38 8 9 100 101 46 45 285 112 110 343 189 143 
156 143 15 10 10 5
269 115 114 255 170 168 245 252 373 129 128 101 99 8 9 
81 78 12 16 16 6
245 84 86 170 169 113 115 267 273 271 313 238 
9 83 2 28 28 2
30 250 
50 86 10 33 33 6
161 365 383 111 98 43 46 128 126 228 
158 149 9 12 13 10
303 304 219 218 387 329 330 390 365 
70 187 9 7 7 5
163 150 151 180 380 50 23 24 262 
41 76 9 37 37 5
136 294 293 340 318 319 141 139 231 
48 90 2 3 3 2
156 262 
48 90 2 13 13 2
156 262 
88 122 2 8 8 2
195 196 
193 131 2 17 17 2
357 340 
186 191 2 13 13 2
50 51 
160 152 25 39 39 6
118 102 104 252 84 86 255 254 269 263 264 273 311 312 377 336 234 237 385 178 177 327 328 306 305 
75 159 2 26 26 2
230 373 
139 133 6 14 14 6
217 219 352 350 323 322 
154 54 15 11 11 5
321 272 270 265 263 268 325 310 312 236 235 338 382 345 175 
90 117 11 18 18 6
261 211 212 374 59 57 35 34 76 222 307 
63 126 28 1 8 27
203 162 160 329 387 351 352 74 71 303 370 62 61 347 290 291 179 19 17 31 80 183 214 361 317 131 6 7 
58 21 2 1 2 5
185 72 
117 71 2 37 37 2
77 76 
199 169 11 7 7 6
374 199 200 384 222 164 166 220 152 153 379 
38 86 2 23 23 2
126 228 
173 71 2 30 30 2
384 222 
107 115 24 20 20 5
292 260 261 211 11 14 133 119 120 137 354 51 48 274 283 316 131 6 5 61 346 351 392 304 
78 24 2 29 29 2
234 81 
120 156 6 36 36 5
317 206 204 265 263 269 
2 185 8 15 15 6
7 289 291 191 190 363 308 309 
79 126 11 40 40 5
240 389 342 260 262 156 134 135 131 6 7 
178 58 2 12 12 2
378 186 
9 103 2 26 26 2
29 223 
1 25 12 28 28 6
1 17 32 102 103 44 43 101 128 127 232 85 
64 136 6 40 40 6
206 361 331 332 347 346 
47 69 7 9 9 6
64 65 223 287 186 185 217 
112 116 15 30 30 6
299 230 228 103 102 118 372 252 245 168 169 248 266 366 305 
55 136 3 26 26 3
179 359 349 
52 78 9 39 39 6
169 249 265 266 267 268 325 326 236 
50 118 14 37 39 14
162 203 201 322 108 109 383 111 98 43 45 285 364 308 
29 88 7 17 17 5
20 22 386 237 238 355 257 
193 131 2 16 16 2
357 340 
64 154 2 4 4 2
206 367 
36 176 2 10 10 2
119 133 
35 63 10 8 8 6
32 2 4 277 285 112 110 322 107 106 
90 175 6 32 32 6
262 294 293 82 83 386 
84 3 7 4 4 5
245 246 229 126 128 360 9 
166 185 7 16 16 5
253 252 229 228 44 45 285 
14 21 7 31 31 6
45 284 308 363 350 352 74 
153 50 8 24 24 6
101 43 47 112 111 383 365 161 
91 86 6 29 29 6
248 169 168 246 104 103 
110 136 9 17 17 5
298 100 43 47 309 146 143 190 350 
198 167 3 27 27 2
382 338 337 
186 11 7 2 2 6
380 379 153 152 220 79 34 
85 52 3 26 26 2
114 116 170 
103 19 2 17 17 2
124 63 
153 3 3 27 27 2
101 100 9 
129 85 15 9 9 6
234 236 377 313 310 324 338 382 306 305 366 266 248 113 114 
193 173 9 11 11 5
357 293 292 341 26 27 133 132 296 
36 135 6 6 6 6
119 133 27 23 49 348 
24 15 9 16 17 9
82 293 295 157 156 283 274 25 23 
61 85 7 36 36 5
196 272 270 249 169 170 255 
17 137 10 6 6 5
56 280 288 77 79 220 163 165 256 353 
110 164 10 5 5 6
99 101 46 47 309 308 363 350 349 359 
20 69 6 36 36 6
69 250 30 28 185 217 
136 144 44 37 39 14
350 363 343 110 112 309 146 144 117 32 17 18 80 183 213 289 331 315 316 283 274 259 261 26 23 50 371 303 304 219 217 72 73 187 171 172 94 96 362 208 207 70 67 159 
61 24 3 13 13 3
197 334 81 
39 119 14 26 26 6
131 135 52 54 206 204 249 113 115 268 325 324 337 312 
132 117 7 37 37 6
341 13 10 132 221 222 307 
142 12 21 25 25 5
358 290 291 191 190 363 308 146 144 33 32 118 105 104 373 129 128 46 43 99 38 
65 179 15 11 11 6
208 251 69 67 159 192 194 381 180 151 152 163 165 256 388 
31 32 11 18 21 13
102 117 33 17 1 3 189 343 322 201 106 
22 51 2 28 28 2
79 166 
36 76 10 21 21 6
120 138 375 341 342 239 90 91 258 231 
2 10 12 14 14 5
5 62 348 347 358 188 143 145 277 4 1 17 
62 137 8 30 30 5
200 296 12 14 133 119 120 137 
47 184 6 32 32 6
64 65 223 286 333 365 
164 122 7 18 18 6
179 19 18 80 182 205 321 
72 105 4 11 11 2
223 275 123 125 
89 182 2 36 36 2
258 369 
25 171 9 39 39 6
85 299 230 126 127 233 101 37 39 
43 113 9 10 10 6
141 319 320 227 226 297 386 385 301 
76 182 2 16 16 2
89 92 
195 147 10 12 12 6
317 314 332 290 291 179 19 1 3 189 
55 75 9 32 32 5
19 17 33 117 102 104 373 129 126 
7 90 12 8 8 5
20 97 225 301 385 335 81 82 357 295 292 260 
92 86 8 38 38 5
115 116 170 168 245 252 104 103 
125 143 9 35 35 6
330 203 201 107 108 110 98 99 298 
67 63 44 9 9 5
213 289 331 361 206 204 249 169 168 245 84 85 232 127 126 230 373 104 103 44 47 364 363 190 188 358 347 348 370 303 71 74 219 218 387 329 330 390 383 111 110 322 107 106 
34 111 2 22 22 2
113 249 
159 160 2 33 33 2
246 247 
100 51 9 17 17 6
130 6 5 60 48 51 354 353 167 
13 26 2 18 18 2
42 88 
87 51 2 23 23 2
256 167 
52 55 48 32 34 11
170 116 114 254 269 267 273 272 321 198 195 53 54 206 204 184 80 18 1 2 32 118 105 103 44 45 277 144 146 308 364 112 110 322 323 350 349 358 347 348 62 5 6 131 314 289 291 179 
160 75 4 31 31 2
247 245 252 229 
147 100 10 30 30 6
189 191 291 213 183 182 206 317 316 283 
73 121 7 13 13 5
97 20 21 226 227 142 140 
189 36 2 28 28 2
256 121 
199 180 10 19 19 5
212 11 12 296 384 307 288 35 34 79 
47 136 8 28 28 5
64 66 125 124 287 378 387 351 
115 96 6 25 25 6
302 346 349 188 3 4 
176 26 6 24 24 6
14 11 212 282 281 88 
187 195 2 32 32 2
316 317 
100 69 17 35 35 5
283 316 317 206 182 80 18 19 179 191 188 349 351 392 74 72 217 
133 63 2 25 25 2
108 106 
112 25 4 14 15 2
299 373 252 84 
179 98 7 32 32 6
388 167 75 34 35 57 56 
200 195 6 29 29 6
83 82 293 294 316 317 
23 1 2 13 13 2
18 1 
111 141 8 16 16 6
270 264 266 366 325 324 174 176 
197 121 2 17 17 2
142 140 
6 25 7 40 40 5
17 32 118 247 246 252 84 
20 69 7 6 7 9
69 95 93 173 187 185 217 
74 48 9 4 4 6
227 142 141 319 241 242 340 357 157 
106 59 2 20 20 2
291 191 
115 16 17 32 32 5
303 370 49 51 354 137 138 27 24 261 376 342 292 295 157 134 52 
1 3 11 3 3 6
4 33 32 118 105 104 229 126 128 360 9 
23 77 13 24 24 5
31 2 4 144 146 309 285 45 46 128 129 299 232 
198 195 8 7 7 6
328 324 337 377 355 197 198 367 
47 21 9 18 18 5
64 66 125 122 224 186 187 356 72 
199 46 9 25 25 5
212 11 12 296 384 78 79 220 152 
85 92 2 35 35 2
254 269 
192 84 12 7 7 5
313 310 325 268 267 273 264 248 113 114 255 253 
100 62 8 1 1 5
274 25 24 260 341 211 210 199 
190 83 7 14 14 5
387 378 186 171 172 94 95 
77 152 7 30 30 6
232 85 86 255 254 269 268 
147 142 2 34 34 2
189 188 
53 100 8 31 31 6
93 94 193 380 391 51 48 274 
86 156 9 8 8 6
103 104 246 168 170 255 114 115 269 
34 175 8 27 27 5
115 263 266 311 312 377 238 237 
129 52 8 10 10 6
334 355 313 271 264 265 249 169 
158 195 7 13 13 6
370 62 5 6 131 315 361 
116 112 10 38 38 6
305 366 267 263 248 113 114 255 86 85 
158 191 2 1 1 2
371 391 
31 32 10 36 36 5
103 44 45 285 309 308 343 322 201 106 
130 54 2 8 8 2
339 178 
79 195 20 16 16 5
240 369 368 243 241 140 142 227 226 21 22 386 237 236 377 355 257 195 198 367 
76 42 9 20 20 5
231 258 91 90 239 342 341 375 138 
21 47 12 21 21 6
72 185 171 93 96 30 29 122 123 276 66 64 
100 82 17 18 19 9
130 131 316 294 293 357 157 134 52 54 206 204 270 264 263 115 113 
71 11 2 21 21 2
76 34 
74 132 10 5 5 5
226 21 22 83 82 357 295 294 262 260 
35 86 2 5 5 2
102 103 
44 147 2 25 25 2
143 189 
131 108 8 8 8 5
340 293 294 262 261 211 11 12 
183 167 2 10 10 2
339 337 
108 127 9 14 14 5
221 76 34 35 57 58 16 15 281 
90 114 5 31 31 4
261 211 210 59 58 
103 72 2 10 10 2
287 224 
122 54 8 8 8 4
272 271 310 328 345 344 338 174 
3 149 5 21 21 4
8 38 39 383 365 
175 91 14 15 15 5
335 334 197 196 272 273 267 269 254 255 116 113 249 265 
112 159 2 34 34 2
299 373 
166 92 2 1 1 2
116 115 
85 25 2 9 9 2
255 86 
190 102 8 14 14 5
351 349 359 191 189 308 309 285 
135 194 2 36 36 2
346 352 
147 164 2 40 40 2
189 191 
194 67 35 29 29 4
392 351 349 359 191 3 4 144 146 308 364 47 44 228 126 129 299 85 86 253 252 372 105 102 32 17 18 80 182 205 367 361 331 289 213 
30 84 7 7 7 4
43 44 228 126 129 373 252 
182 100 7 22 22 4
389 376 261 262 316 131 130 
70 179 3 25 25 2
163 167 388 
75 171 7 10 10 4
126 127 233 360 298 38 39 
30 3 4 14 14 2
37 38 298 9 
99 11 8 10 10 5
15 16 279 278 280 288 77 34 
173 4 2 7 7 2
296 12 
177 99 28 31 31 5
319 320 142 139 41 42 88 87 89 91 369 240 209 212 374 199 200 384 222 76 34 36 288 280 278 279 16 15 
91 175 6 2 2 5
266 311 310 324 339 385 
13 97 7 5 5 4
40 88 281 282 374 59 55 
191 108 6 14 14 5
354 137 138 375 13 12 
63 50 2 26 26 2
203 162 
80 120 9 35 35 5
243 319 318 340 293 295 157 134 135 
47 95 2 37 37 2
154 276 
2 88 6 22 22 4
7 331 315 317 54 53 
126 102 8 39 39 5
332 290 291 179 19 1 4 277 
49 168 7 39 39 4
158 250 30 29 122 124 287 
157 140 9 21 21 5
290 289 314 316 262 260 292 295 357 
103 9 3 24 24 2
124 122 29 
69 83 5 40 40 4
217 356 173 93 95 
171 37 5 19 19 4
383 365 333 286 124 
10 122 5 12 12 4
31 80 184 270 272 
110 59 6 31 31 5
99 98 112 285 145 143 
39 21 9 30 30 5
6 5 61 346 351 218 217 356 73 
56 173 6 10 10 4
151 150 166 79 78 384 
74 127 5 5 5 4
227 142 139 41 42 
98 176 8 12 12 5
56 57 288 307 222 221 132 133 
179 104 14 29 29 4
388 167 165 121 120 138 14 11 210 199 200 384 307 288 
9 47 3 27 27 3
29 65 64 
182 163 2 39 39 2
389 376 
183 113 2 40 40 2
385 300 
12 25 9 36 36 5
37 43 46 128 129 373 246 245 84 
137 39 11 8 8 5
353 167 165 121 119 133 27 24 259 274 130 
193 41 3 6 6 2
157 156 136 
7 24 2 31 31 2
22 83 
47 149 5 33 34 9
64 65 223 286 333 
153 143 4 12 12 2
46 43 99 298 
53 149 5 24 24 4
171 186 287 286 333 
62 199 2 6 6 2
199 374 
114 40 5 12 12 5
58 59 210 11 10 
52 153 5 11 11 4
170 86 85 232 233 
34 10 8 34 34 4
113 169 168 246 104 102 117 33 
129 100 8 29 29 5
334 197 195 53 52 134 156 283 
74 54 16 1 2 9
226 297 386 335 334 197 198 205 204 265 264 271 313 377 337 174 
60 71 5 15 15 4
194 181 151 150 164 
172 132 16 37 38 9
78 79 166 150 153 388 353 137 120 119 133 14 11 211 376 342 
35 171 8 28 28 5
117 144 143 190 363 343 110 111 
182 137 6 31 31 5
389 376 26 27 138 137 
69 126 6 28 28 4
219 304 302 61 5 7 
45 168 6 36 36 4
148 216 66 63 122 224 
3 25 8 5 5 5
9 360 128 126 229 246 245 84 
85 195 6 1 1 4
114 113 249 184 182 206 
193 131 2 28 28 2
357 340 
164 153 11 19 19 4
179 19 18 31 32 118 105 104 373 129 128 
60 83 2 11 11 2
94 95 
41 115 5 17 17 4
135 314 332 347 302 
7 119 8 14 14 4
21 297 386 300 301 339 337 312 
61 52 7 38 38 5
196 321 205 182 184 249 169 
138 100 10 10 10 5
197 198 367 361 214 213 289 7 6 130 
58 178 2 7 7 2
186 378 
148 110 5 8 8 4
363 364 47 43 99 
12 10 6 20 20 5
37 43 45 277 4 2 
198 170 2 7 7 2
345 344 
3 31 8 30 30 5
9 100 43 46 128 129 373 104 
135 6 5 31 31 4
347 358 188 3 1 
84 57 6 40 40 4
253 255 114 113 249 184 
143 12 3 24 24 2
9 8 38 
109 48 6 15 15 5
297 83 82 293 295 157 
32 86 12 2 2 4
108 322 323 363 364 309 284 277 117 118 105 103 
138 122 2 33 33 2
197 196 
105 95 2 39 39 2
125 123 
153 85 7 37 37 5
128 127 232 85 84 253 255 
21 60 3 21 21 3
73 173 172 
50 142 12 34 34 5
161 365 390 203 201 107 108 343 363 190 191 359 
96 32 9 20 21 8
144 143 190 363 308 309 112 110 108 
15 67 14 10 10 4
50 371 370 348 347 290 291 359 188 3 1 18 80 183 
33 6 9 15 15 5
112 285 277 4 3 188 359 179 19 
161 89 7 8 8 5
210 212 282 281 88 40 41 
96 3 14 19 19 4
277 284 146 143 190 363 364 47 46 360 100 37 38 8 
156 78 9 5 5 4
269 268 366 266 264 271 312 337 235 
63 184 3 7 7 2
201 107 109 
94 173 8 15 15 5
25 27 133 10 11 210 199 200 
95 105 3 13 13 2
275 124 125 
175 116 5 30 30 5
237 235 338 382 306 
178 188 2 34 34 2
329 330 
195 85 8 24 24 4
206 204 270 264 266 267 115 114 
98 97 2 22 22 2
56 55 
99 11 5 21 21 5
15 16 58 57 35 
45 174 6 32 32 4
147 159 192 172 171 187 
78 64 5 14 14 5
238 313 271 270 204 
199 51 7 13 13 4
212 11 10 132 221 76 75 
194 19 11 17 17 5
352 351 218 217 185 28 29 122 123 276 66 
24 152 7 25 25 5
83 386 385 178 174 324 325 
134 24 5 23 23 5
175 178 385 386 83 
137 179 2 35 35 2
353 388 
47 149 8 30 30 5
64 66 276 123 122 223 286 333 
187 109 5 3 3 5
294 293 82 83 297 
75 23 8 17 17 5
228 103 105 118 32 2 1 18 
117 99 10 28 28 5
307 222 76 34 35 280 56 58 16 15 
53 146 2 15 15 2
93 96 
29 192 5 1 1 4
20 22 83 81 336 
133 31 5 25 25 5
343 364 47 44 103 
170 7 6 15 15 5
177 178 301 225 97 20 
137 2 7 2 2 4
354 391 50 23 25 60 5 
16 48 2 16 16 2
52 134 
200 182 7 8 8 5
297 226 227 142 141 368 369 
69 191 5 17 17 5
219 304 303 371 391 
125 184 2 33 33 2
330 390 
24 134 6 21 21 5
83 386 385 339 174 175 
110 123 8 22 23 7
8 9 100 98 110 108 106 201 
128 185 5 17 17 5
333 365 383 111 112 
174 47 5 1 1 5
187 186 224 65 64 
65 68 2 6 6 2
207 215 
92 166 2 11 11 2
115 116 
113 92 6 27 27 4
301 178 174 324 325 268 
26 163 7 16 16 5
87 231 258 91 90 239 376 
126 195 2 19 19 2
314 317 
2 100 2 24 24 2
6 130 
158 9 7 14 14 4
303 304 74 72 356 187 28 
15 193 7 19 19 4
48 274 283 262 260 292 295 
92 24 9 33 33 4
268 305 306 382 177 174 235 234 81 
146 190 5 16 16 4
30 28 185 217 218 
173 4 2 37 37 2
296 12 
85 170 5 38 38 4
254 269 268 325 327 
179 137 2 40 40 2
388 353 
57 48 13 14 14 5
182 206 361 214 213 289 7 6 131 316 294 295 157 
1 171 10 34 34 4
3 143 145 284 309 47 46 101 98 111 
153 110 2 25 25 2
360 298 
82 170 8 35 35 4
248 263 267 273 271 312 337 338 
24 66 10 34 34 4
82 340 318 319 141 139 231 89 90 209 
71 99 12 15 15 5
221 296 384 78 77 288 280 56 55 279 16 15 
29 193 5 36 36 4
20 22 83 82 357 
34 92 3 31 31 2
114 254 269 
157 122 30 28 28 4
358 359 291 289 314 316 156 134 52 53 257 355 313 312 337 324 327 382 306 305 268 269 254 114 113 248 265 204 205 321 
14 12 2 13 13 2
43 37 
124 52 7 22 22 4
325 268 269 254 114 116 170 
194 100 8 39 39 4
74 71 302 348 62 5 6 130 
173 107 6 13 13 4
296 12 14 375 341 292 
168 147 22 21 21 5
378 387 392 304 302 346 349 359 179 19 18 31 32 118 105 104 229 228 44 45 285 364 
197 121 2 37 37 2
142 140 
110 30 2 38 38 2
38 37 
12 30 2 1 1 2
38 99 
123 194 4 12 12 3
323 350 351 392 
136 23 5 20 20 4
349 359 179 19 18 
85 52 2 23 23 2
255 170 
38 10 5 24 24 5
126 228 103 102 32 
86 34 5 9 9 4
228 229 252 253 116 
54 167 2 29 29 2
174 337 
92 85 2 9 9 2
269 254 
141 92 9 7 7 5
176 174 338 382 306 305 366 266 263 
13 97 5 12 12 5
42 281 15 16 279 
188 153 7 17 17 4
203 106 107 322 110 98 101 
77 35 10 37 38 8
233 46 44 228 126 129 373 372 105 102 
177 131 2 34 34 2
243 242 
191 169 2 10 10 2
391 380 
187 93 5 13 13 5
316 317 367 321 272 
100 120 2 23 23 2
130 131 
105 139 6 25 25 4
276 275 223 224 186 185 
157 88 7 23 23 4
290 289 331 315 317 54 53 
137 36 2 19 19 2
137 120 
99 117 10 22 22 4
15 16 279 278 280 35 34 76 222 307 
165 147 9 6 6 4
129 126 228 103 102 117 277 284 308 
5 173 6 27 27 4
15 282 212 11 12 296 
101 196 6 36 36 5
149 147 159 192 193 381 
62 42 5 14 14 5
200 296 132 119 120 
77 35 6 8 8 4
127 129 373 372 105 102 
35 77 6 23 23 5
118 105 104 373 299 232 
136 69 2 18 18 2
351 218 
56 60 2 28 28 2
180 193 
44 10 2 10 10 2
144 33 
71 22 2 19 19 2
222 78 
53 63 14 24 24 4
173 73 72 217 219 304 302 346 351 387 329 160 162 203 
108 191 27 9 9 4
296 384 222 164 165 256 388 153 151 180 380 50 49 62 60 259 260 342 239 209 11 14 133 119 120 137 354 
87 162 5 1 1 4
256 353 354 51 49 
122 195 2 36 36 2
321 367 
15 180 7 7 7 4
51 354 353 256 165 75 79 
177 8 8 34 34 4
368 369 240 239 342 260 261 26 
26 131 9 8 8 4
87 89 91 258 139 140 319 243 242 
163 11 6 17 17 4
13 12 296 384 307 36 
27 98 17 1 9 26
90 240 389 376 13 10 132 221 76 78 307 36 35 57 58 279 278 
173 179 5 6 6 5
384 222 164 167 388 
158 67 5 20 20 5
370 348 347 290 213 
76 8 14 25 25 5
231 258 91 90 239 342 292 293 357 157 156 283 274 25 
56 176 6 23 23 5
180 380 391 354 137 138 
113 92 6 36 36 4
301 178 174 324 325 268 
124 52 8 1 1 4
310 311 366 268 269 254 255 170 
166 96 6 17 17 4
170 168 246 104 102 117 
190 105 5 20 20 5
387 378 287 124 125 
166 25 2 38 38 2
253 84 
197 113 6 38 38 5
227 226 21 20 97 225 
50 185 9 9 9 5
161 365 109 108 343 308 146 145 285 
110 171 2 17 17 2
38 39 
96 3 9 1 1 5
117 118 105 104 229 126 128 360 9 
85 198 6 27 27 4
254 269 267 366 305 306 
111 151 2 30 30 2
270 273 
52 153 6 14 14 4
168 246 229 126 127 233 
13 127 2 30 30 2
40 88 
60 90 17 12 12 5
194 181 180 379 388 167 164 76 78 384 296 12 13 341 292 294 262 
149 102 6 11 11 4
365 109 108 110 112 285 
170 88 8 32 32 4
344 175 174 337 236 234 334 257 
188 135 7 3 3 5
390 109 108 322 323 350 346 
85 92 2 37 37 2
114 115 
53 68 6 4 4 5
93 95 251 208 207 215 
173 179 13 18 18 4
384 78 79 220 163 165 121 119 133 138 137 353 388 
96 32 31 28 28 4
33 31 80 183 214 331 332 347 346 349 188 189 308 284 45 47 112 98 100 9 8 38 39 383 365 161 162 203 201 322 108 
32 72 5 4 4 4
109 365 333 286 223 
51 199 11 15 15 5
163 220 79 76 222 307 36 35 57 59 374 
73 198 7 16 16 4
225 300 385 339 338 327 328 
166 122 6 27 27 5
116 113 249 204 205 321 
89 114 19 10 10 4
258 91 92 389 342 260 259 48 51 354 353 167 164 222 307 36 35 57 58 
61 170 8 3 3 5
197 334 336 377 326 324 174 177 
84 44 6 29 29 5
245 247 118 117 277 145 
56 196 2 29 31 3
180 381 
26 13 2 26 26 2
88 42 
21 150 5 26 26 5
72 185 28 30 362 
189 66 7 11 11 5
353 137 120 119 10 13 211 
72 178 2 9 9 2
224 378 
181 126 6 27 27 5
376 261 262 316 315 331 
49 60 2 7 7 2
159 192 
141 24 5 35 35 5
176 178 385 386 83 
29 170 6 29 29 4
97 225 300 385 178 177 
155 109 7 14 14 4
368 243 241 140 142 227 226 
196 11 5 40 40 5
181 151 150 75 34 
95 103 2 7 7 2
123 124 
113 122 7 32 32 5
301 385 335 336 355 197 196 
158 164 5 19 19 4
370 348 347 358 359 
167 151 3 33 33 2
326 325 366 
139 56 9 24 25 7
356 187 28 30 96 93 172 193 180 
126 178 9 15 15 4
332 347 302 71 73 173 171 186 378 
199 121 7 10 10 4
212 209 240 369 368 243 241 
126 185 6 27 27 5
289 291 191 190 363 364 
151 16 6 29 29 4
267 263 265 204 206 54 
191 58 6 36 36 4
391 371 303 71 73 187 
42 56 6 6 6 5
137 354 51 50 380 180 
8 190 8 7 7 5
25 48 49 348 302 304 219 218 
95 47 4 25 25 2
123 122 65 64 
121 4 5 35 35 5
241 244 240 209 11 
99 26 2 13 13 2
281 88 
90 76 8 23 23 5
260 341 376 239 90 91 258 231 
186 9 6 19 19 4
380 193 94 95 250 30 
114 76 22 6 7 8
16 15 282 212 211 341 260 259 274 283 294 293 340 242 243 319 140 139 41 42 88 87 
92 91 3 12 12 2
267 273 264 
164 136 2 4 4 2
359 349 
110 3 3 13 13 2
99 100 9 
102 149 5 22 22 5
285 112 111 383 365 
91 96 12 16 16 4
248 249 204 206 361 331 289 291 179 19 1 4 
24 134 6 26 26 4
83 386 385 339 174 175 
4 163 2 4 5 2
11 211 
37 72 2 39 39 2
63 65 
69 194 2 8 8 2
218 392 
105 72 2 40 40 2
66 65 
131 88 7 12 12 5
340 293 295 157 134 52 53 
164 67 2 18 18 2
291 213 
150 69 9 29 29 4
362 250 95 93 171 187 73 72 217 
119 91 2 28 28 2
311 266 
198 88 14 40 40 5
328 327 338 337 377 355 197 198 367 317 316 136 52 53 
134 138 5 30 30 5
345 328 310 313 355 
187 158 10 9 9 4
294 292 341 375 27 25 48 51 391 371 
112 171 8 8 8 4
232 233 101 100 9 8 38 39 
20 21 5 10 10 5
69 95 93 173 73 
26 131 6 2 2 4
87 231 258 368 319 318 
108 97 6 11 11 4
12 11 210 59 56 278 
184 86 8 3 3 5
383 111 112 285 277 117 102 103 
175 192 2 19 19 2
237 238 
190 136 2 39 39 2
392 352 
4 8 2 27 27 2
14 27 
137 87 2 21 21 2
353 256 
74 193 6 2 2 4
227 320 241 242 340 357 
24 138 2 36 36 2
81 334 
191 48 6 35 35 4
51 23 25 259 262 156 
158 4 8 34 34 4
371 380 379 388 256 121 119 10 
2 193 7 23 23 4
7 314 135 136 294 293 357 
155 42 6 11 11 5
91 92 389 376 375 138 
141 151 8 31 31 5
176 175 344 382 306 305 268 267 
127 98 5 10 10 4
281 282 374 59 56 
116 61 7 29 29 4
305 366 311 271 272 321 198 
54 88 6 34 34 5
174 339 385 335 334 257 
132 13 24 22 23 8
292 295 157 156 283 274 48 23 27 133 119 121 165 166 79 78 384 296 12 11 212 282 281 42 
17 94 12 36 36 4
57 288 77 76 221 132 133 14 11 211 261 259 
159 12 6 16 16 4
373 230 126 128 101 37 
96 86 3 4 4 3
117 102 103 
109 141 10 4 4 4
21 22 386 385 339 324 328 382 177 176 
147 168 8 16 16 5
363 350 351 392 74 73 187 186 
62 155 16 1 3 10
200 296 12 11 212 282 281 88 40 41 139 141 243 244 92 91 
182 97 7 37 37 4
389 239 209 210 59 56 278 
31 160 2 36 36 2
104 372 
122 88 2 35 35 2
196 195 
192 78 2 35 35 2
336 234 
142 31 9 23 23 4
359 191 143 144 4 1 17 32 102 
29 113 2 17 17 2
97 225 
38 10 6 23 23 5
128 101 43 45 277 33 
149 47 5 7 7 5
333 286 223 65 64 
46 137 3 3 3 3
150 167 353 
78 57 7 8 8 4
238 313 311 273 270 204 182 
112 159 2 33 33 2
299 373 
72 105 2 34 34 2
122 125 
91 175 6 36 36 4
266 273 271 313 336 335 
35 85 11 7 7 4
102 104 372 247 245 84 86 116 115 269 254 
101 83 3 9 10 4
207 208 251 
123 86 9 6 6 4
323 363 364 112 111 39 37 43 44 
36 99 12 38 38 4
121 165 164 222 384 200 199 59 55 279 16 15 
23 136 6 2 2 4
18 1 3 191 359 349 
38 10 6 22 22 4
126 228 103 102 117 33 
194 102 10 13 13 4
392 351 349 359 191 190 363 308 309 285 
29 121 6 32 32 4
20 22 297 226 227 320 
120 52 6 28 28 5
317 206 182 184 249 169 
143 84 6 21 21 4
360 128 129 373 246 245 
192 175 2 24 24 2
238 237 
109 155 9 6 6 5
226 227 320 241 244 92 89 231 258 
29 141 8 9 9 5
97 225 300 237 235 339 178 176 
128 69 6 39 39 5
286 223 224 378 387 218 
185 12 3 27 27 3
112 98 37 
16 48 2 22 22 2
52 134 
70 98 5 13 13 5
220 79 77 288 280 
62 42 6 35 35 5
200 296 132 10 14 138 
161 97 2 29 29 2
59 55 
2 94 2 8 8 2
5 60 
85 167 6 23 23 5
114 115 268 325 324 337 
42 39 8 3 3 4
120 119 133 375 26 25 274 130 
196 47 17 12 12 5
381 193 192 159 67 69 251 208 207 215 216 125 123 275 223 65 64 
143 188 10 34 34 4
298 99 37 39 383 109 106 202 160 162 
122 129 3 11 11 3
196 197 334 
12 159 8 17 17 5
37 99 8 9 360 128 126 229 
37 72 2 37 37 2
124 223 
152 24 5 30 30 4
325 326 236 234 81 
19 103 2 20 20 2
65 223 
187 158 11 3 3 5
316 135 134 157 295 292 260 24 23 50 371 
86 85 8 28 28 5
228 229 104 105 247 168 170 255 
163 13 6 13 13 5
376 239 90 91 258 41 
85 195 6 2 2 4
114 113 249 184 182 206 
9 56 5 9 9 4
30 96 94 194 181 
181 97 5 4 4 4
239 209 210 59 55 
99 172 5 37 37 5
282 374 199 200 384 
5 172 9 24 24 5
16 279 55 56 280 35 34 76 222 
21 58 2 15 15 2
72 185 
91 93 2 7 7 2
265 270 
116 52 5 6 6 5
305 366 266 248 169 
126 66 7 13 13 5
332 347 61 60 259 261 211 
126 157 2 22 22 2
289 290 
163 88 6 17 17 4
26 24 262 136 52 53 
170 88 12 37 37 4
327 325 366 273 270 184 182 205 321 196 197 257 
194 69 2 31 31 2
392 218 
81 35 2 38 38 2
247 118 
182 163 2 20 20 2
389 376 
199 22 6 39 39 5
374 199 200 384 222 76 
99 172 9 23 23 5
15 16 279 55 57 35 34 76 222 
113 122 7 34 34 4
300 237 236 377 355 197 196 
165 91 6 17 17 5
373 252 253 116 115 263 
50 32 3 37 37 3
160 202 106 
47 149 5 5 5 5
64 65 223 286 333 
47 125 9 36 36 5
154 125 123 275 286 333 161 162 330 
23 133 6 5 5 5
18 1 3 190 323 322 
26 97 5 35 35 4
88 281 15 16 279 
48 182 7 24 24 4
157 295 292 260 261 376 389 
11 99 7 26 26 4
35 280 278 55 58 16 15 
169 11 7 1 1 4
379 153 152 220 166 75 34 
158 145 8 25 25 4
370 348 61 5 6 131 314 331 
69 194 2 14 14 2
218 392 
26 66 4 32 32 4
87 89 90 209 
150 196 6 18 18 4
362 250 95 94 193 381 
22 172 2 25 25 2
76 222 
118 12 6 30 30 4
284 45 47 112 98 37 
106 194 4 18 18 4
290 347 302 304 
14 142 7 3 3 5
47 309 308 363 190 191 359 
186 2 17 32 32 5
50 23 25 274 283 136 135 315 361 367 205 182 183 213 290 332 7 
137 176 2 1 1 2
137 138 
51 60 4 33 33 5
167 388 379 193 
51 179 2 7 7 2
167 388 
69 136 2 11 11 2
219 352 
60 68 7 36 36 5
94 95 158 67 68 207 215 
38 166 6 34 34 4
126 229 372 247 245 253 
4 180 6 40 40 5
10 132 296 384 78 79 
94 36 5 4 5 6
259 24 27 133 119 
166 57 5 14 14 4
170 169 248 265 184 
94 2 2 7 7 2
60 5 
137 56 4 18 18 5
354 391 380 180 
93 166 5 11 11 4
264 248 113 114 255 
133 96 4 30 30 4
343 364 285 277 
186 70 4 15 15 4
380 379 153 152 
85 52 2 18 19 4
255 170 
190 9 4 20 20 4
218 217 185 28 
23 147 5 14 14 4
31 2 3 190 363 
100 67 7 8 8 4
283 136 135 315 331 289 213 
180 17 9 12 12 5
220 163 75 77 36 35 280 278 55 
76 131 6 7 7 5
231 258 369 244 241 318 
197 27 4 36 36 5
320 241 244 92 
174 150 6 26 26 4
173 172 94 96 250 251 
38 171 7 24 24 5
127 233 360 298 99 37 39 
73 134 16 32 32 5
225 300 237 235 339 178 177 327 310 311 266 263 268 305 306 345 
157 96 6 24 24 4
358 359 191 143 145 277 
110 112 5 26 26 4
99 101 128 127 232 
155 76 2 35 35 2
258 231 
131 66 7 29 29 4
340 357 295 292 342 376 211 
143 14 2 34 34 2
100 43 
32 103 4 35 35 4
109 365 333 286 
172 71 2 29 29 2
78 76 
195 140 5 21 21 5
54 52 136 294 293 
102 1 5 5 5 2
284 146 144 33 2 
187 122 13 21 21 5
283 130 6 5 61 347 332 331 315 317 206 205 321 
33 50 5 15 15 4
110 108 106 202 160 
8 179 11 21 21 4
27 14 12 296 384 78 79 220 163 167 388 
84 77 3 21 21 3
84 85 232 
160 10 2 22 22 2
118 32 
85 166 2 18 18 2
114 116 
179 83 14 13 13 5
388 167 165 121 119 133 138 137 354 391 380 193 94 95 
107 7 5 13 13 4
295 357 82 83 22 
39 16 3 31 31 3
131 317 54 
27 197 4 8 8 5
92 244 241 320 
190 126 4 27 27 4
351 349 358 332 
141 192 15 14 15 7
176 175 345 306 305 268 263 266 311 310 327 338 235 236 377 
178 58 2 32 32 2
378 186 
175 193 4 14 14 4
335 81 82 357 
44 185 2 40 40 2
146 309 
38 166 6 8 8 4
126 230 299 85 84 253 
96 102 2 36 36 2
144 145 
135 194 2 26 26 2
302 304 
133 50 4 29 29 4
322 201 203 162 
58 63 7 21 23 9
186 287 286 333 161 162 203 
47 37 2 13 13 2
64 63 
155 90 4 35 35 5
369 389 342 260 
58 136 5 21 21 5
187 356 217 218 351 
132 173 5 38 38 5
341 13 10 132 296 
74 78 5 34 34 4
226 297 83 81 234 
188 149 2 14 14 2
390 365 
52 96 5 36 36 4
168 247 105 102 117 
128 47 5 17 17 4
286 287 224 65 64 
59 145 5 1 1 4
188 358 332 314 315 
66 48 7 2 2 5
209 239 342 292 294 136 134 
42 173 4 32 32 5
120 119 132 296 
46 15 6 25 25 5
150 165 256 353 354 51 
133 190 9 6 6 4
343 189 190 350 346 302 304 219 218 
45 9 8 33 33 5
147 158 69 70 207 208 362 30 
150 139 5 36 36 4
362 96 93 173 356 
55 136 3 30 30 3
179 359 349 
87 66 9 28 28 4
165 167 353 137 120 119 133 375 211 
180 104 3 30 30 3
79 34 35 
27 197 4 6 7 6
91 368 141 142 
175 167 4 5 5 2
385 339 324 326 
42 158 4 4 4 5
137 354 391 371 
125 95 8 1 2 7
202 106 109 365 333 286 124 123 
83 139 7 20 20 5
251 362 96 93 173 73 72 
93 166 4 8 8 5
264 248 113 116 
63 188 2 10 10 2
202 330 
10 31 3 18 18 2
32 118 105 
86 3 6 14 15 7
44 46 360 100 99 8 
20 58 5 34 34 5
67 158 95 93 171 
23 122 4 22 22 5
80 182 205 321 
178 50 2 20 21 5
329 160 
73 7 2 16 16 2
97 20 
35 185 5 11 11 3
32 33 144 146 309 
75 112 2 32 32 2
230 299 
106 10 9 36 36 4
213 214 331 332 358 359 179 19 17 
84 96 5 14 14 4
245 247 105 102 117 
169 94 3 33 33 3
380 50 48 
191 132 5 2 2 4
51 48 259 261 341 
170 54 2 4 4 2
338 174 
58 136 7 25 25 5
171 173 73 72 217 218 351 
178 60 4 17 17 4
378 186 171 172 
25 35 5 2 2 4
84 245 246 104 102 
43 181 5 32 32 4
139 258 91 92 389 
118 1 3 8 8 3
146 143 3 
14 23 7 35 35 4
47 364 189 3 1 17 31 
116 78 6 17 17 5
306 328 326 377 336 234 
89 121 2 4 4 2
139 140 
15 176 2 25 25 2
23 27 
20 65 2 31 31 2
70 207 
42 173 4 5 5 4
138 14 12 296 
137 56 6 39 39 4
353 256 165 163 152 151 
180 196 6 13 13 5
166 150 153 379 180 181 
103 178 2 6 6 2
287 378 
72 101 5 14 14 5
122 63 66 216 215 
18 67 5 16 16 5
5 6 131 315 214 
21 174 2 7 7 2
72 356 
126 122 6 17 17 4
331 315 317 206 205 321 
2 135 2 40 40 2
5 61 
129 134 5 34 34 4
336 238 235 338 344 
28 174 2 1 1 2
93 173 
81 77 6 17 17 5
245 84 85 299 129 127 
114 173 6 40 40 4
279 278 56 59 199 200 
146 21 4 8 8 5
96 93 173 73 
37 72 2 21 21 2
124 223 
154 88 2 28 28 2
198 195 
73 141 4 13 13 4
225 301 178 176 
143 32 4 24 24 5
100 98 110 108 
137 172 4 16 16 4
353 167 164 222 
57 166 4 3 3 4
184 249 113 116 
106 158 4 36 36 5
290 347 348 370 
28 69 4 2 2 4
93 173 356 217 
79 193 4 7 7 5
239 342 292 295 
133 63 2 29 29 2
108 106 
164 14 6 32 32 4
191 143 145 284 309 47 
48 67 6 5 5 4
156 136 135 314 289 213 
140 16 5 33 33 5
293 295 157 134 52 
75 12 4 10 10 5
228 44 43 37 
137 196 4 28 28 4
354 391 380 381 
3 14 5 15 15 3
9 298 38 37 43 
179 8 6 15 15 5
388 353 137 138 375 26 
3 171 3 20 20 3
8 38 39 
117 11 2 7 7 2
77 34 
192 141 6 2 2 4
336 234 235 338 177 176 
141 119 4 39 39 5
176 174 324 310 
195 126 2 33 33 2
361 331 
34 195 7 22 22 5
115 267 266 264 270 204 206 
129 111 5 39 39 5
334 355 313 271 270 
123 6 13 40 40 5
201 203 390 109 108 343 308 284 145 144 33 2 1 
112 12 7 29 29 5
232 127 128 360 298 99 37 
27 181 2 31 31 2
90 239 
111 88 4 5 5 5
204 206 54 53 
30 143 2 39 39 2
99 298 
140 126 7 10 10 5
293 295 157 134 135 315 331 
75 85 8 34 34 4
230 129 128 233 232 85 86 255 
68 65 2 5 5 2
215 207 
159 1 24 13 13 4
246 168 170 255 254 269 263 248 249 204 182 80 31 17 19 179 291 290 358 188 143 145 277 4 
164 6 2 27 27 2
179 19 
28 146 2 16 16 2
95 250 
58 60 2 18 18 2
171 172 
133 135 4 10 10 5
322 323 350 346 
75 147 6 19 19 5
228 44 45 285 309 308 
194 169 13 11 11 4
392 218 217 72 71 302 61 60 259 24 23 50 380 
41 122 4 1 2 7
52 54 367 321 
64 129 5 14 14 5
205 321 196 197 334 
153 3 3 30 30 2
360 298 8 
67 126 2 7 7 2
213 289 
189 173 4 4 4 5
167 164 222 384 
166 86 5 32 32 5
253 245 246 229 228 
100 120 2 28 28 2
130 131 
103 105 3 16 16 2
124 63 66 
162 196 4 17 17 5
49 50 380 381 
51 70 2 40 40 2
166 220 
137 87 2 32 32 2
353 256 
91 93 2 5 5 2
265 270 
106 126 2 38 38 2
290 332 
1 63 10 11 11 5
2 17 19 179 191 190 363 343 322 201 
175 122 5 4 4 4
335 334 197 198 321 
142 14 6 33 33 4
188 143 145 284 309 47 
97 127 4 18 18 5
279 16 15 281 
199 76 6 28 28 5
282 281 88 40 41 231 
37 68 3 34 34 2
123 276 216 
12 3 2 18 18 2
38 8 
172 180 2 20 20 2
78 79 
130 61 4 36 36 4
235 238 355 197 
147 23 4 39 39 4
189 3 2 31 
119 85 4 30 30 5
311 267 115 114 
40 173 2 34 34 2
132 296 
111 170 14 11 11 5
204 206 367 198 195 257 355 336 234 237 385 339 324 327 
44 164 3 40 40 2
143 188 359 
136 10 4 6 6 5
349 188 3 2 
62 11 4 16 16 5
199 59 57 35 
151 23 14 6 6 5
267 115 114 255 253 252 104 105 118 32 33 4 1 18 
24 90 4 28 28 4
82 293 294 262 
137 46 3 20 20 3
353 167 150 
173 161 2 8 8 2
200 199 
116 192 7 40 40 4
305 366 311 310 326 236 238 
197 29 5 9 9 4
227 226 297 22 20 
62 180 4 11 11 4
200 384 78 79 
102 123 4 22 24 9
284 308 343 322 
185 23 9 10 10 4
285 284 146 143 191 179 19 17 31 
11 172 2 33 33 2
36 307 
39 57 10 39 39 5
131 135 52 53 257 197 198 205 204 184 
6 14 5 27 27 5
1 4 277 285 47 
137 11 5 9 9 5
353 167 166 79 34 
91 170 4 9 9 5
263 268 325 327 
142 23 4 3 3 5
188 3 1 18 
135 118 6 38 38 4
346 349 188 143 145 284 
176 179 6 27 27 4
133 119 121 165 167 388 
75 3 8 38 38 5
230 299 232 127 128 360 298 8 
111 122 4 7 7 2
184 182 205 321 
134 93 8 6 6 5
344 338 324 326 377 313 311 273 
109 7 2 7 7 2
297 22 
124 85 6 12 12 5
310 311 366 268 115 114 
85 52 2 27 27 2
255 170 
96 111 5 36 36 4
4 1 18 80 184 
165 160 2 40 40 2
373 372 
162 67 4 27 27 5
348 347 290 213 
130 91 6 37 37 5
338 382 306 305 268 263 
156 92 3 5 5 2
254 114 115 
194 178 3 40 40 2
219 218 387 
78 116 5 11 11 5
238 377 326 328 306 
164 178 9 36 36 4
291 289 7 5 61 302 304 392 387 
112 3 9 18 21 12
299 230 126 127 233 101 99 298 9 
152 52 5 2 2 4
268 269 254 255 170 
15 36 4 24 24 4
23 27 138 120 
47 37 2 31 31 2
64 63 
31 118 6 23 23 4
103 44 47 285 145 146 
77 81 4 12 12 5
127 126 229 246 
4 8 2 33 33 2
14 27 
87 173 6 6 6 4
121 120 138 14 12 296 
125 142 8 33 33 4
202 106 108 343 363 190 191 359 
81 25 2 1 1 2
245 84 
165 96 11 13 13 5
299 232 127 126 229 252 245 247 105 102 117 
181 197 9 40 40 4
376 211 209 90 92 244 242 318 320 
177 193 4 32 32 4
319 318 340 357 
82 192 6 34 34 4
248 263 268 366 311 313 
123 102 4 26 26 4
322 343 308 284 
46 172 3 39 39 3
150 75 78 
135 158 2 28 29 5
348 370 
118 23 7 37 37 5
284 145 143 3 4 33 31 
191 4 4 16 16 5
354 137 138 14 
64 122 2 16 16 2
205 321 
138 109 4 16 16 5
334 81 83 297 
47 58 4 6 6 4
64 65 224 186 
150 83 2 31 31 2
362 250 
93 134 4 3 3 4
271 310 328 345 
187 191 5 40 40 5
283 274 25 23 51 
189 144 6 39 39 5
388 379 180 181 194 192 
163 97 4 9 9 5
211 210 59 55 
137 87 2 29 29 2
353 256 
193 39 4 21 21 5
157 134 135 131 
46 158 4 32 32 4
153 379 380 371 
93 166 4 36 36 5
264 248 113 116 
170 24 8 27 27 5
327 326 236 235 339 385 386 83 
67 48 7 19 19 4
213 289 331 315 135 136 156 
85 93 4 29 29 4
114 113 249 270 
58 60 2 40 40 2
171 172 
72 60 4 20 20 5
224 186 171 172 
28 191 4 20 20 4
94 193 380 391 
102 123 8 4 4 4
285 309 146 144 4 3 190 323 
12 112 13 22 23 7
37 99 298 360 233 127 129 230 229 246 245 84 85 
148 23 10 30 30 5
363 308 146 143 3 4 117 32 17 18 
97 17 2 30 30 2
278 56 
142 39 5 35 35 4
359 291 289 7 6 
177 107 8 39 39 4
243 242 340 357 157 134 136 294 
23 52 8 21 21 4
80 182 204 249 113 114 255 170 
21 146 4 18 18 4
73 173 93 96 
35 112 5 4 5 7
118 105 104 373 299 
149 19 5 25 25 5
333 286 124 125 66 
132 39 4 17 17 5
292 294 316 131 
146 28 2 20 20 2
250 95 
178 105 5 30 30 5
378 224 65 63 125 
43 193 8 15 15 5
141 368 91 92 244 242 340 357 
48 39 3 14 14 3
156 283 130 
60 194 6 27 27 5
172 173 73 72 217 219 
178 105 4 27 27 5
378 287 124 125 
172 97 5 33 33 5
78 34 35 57 55 
131 197 3 1 1 2
318 140 142 
37 103 2 33 33 2
123 275 
38 147 6 11 11 5
126 228 44 45 284 308 
106 16 5 20 20 4
289 331 315 135 52 
12 110 2 28 28 2
37 99 
141 129 9 10 10 5
176 177 344 345 328 326 377 238 234 
160 185 6 8 8 5
118 117 144 145 284 309 
171 50 3 31 31 3
383 390 162 
109 175 2 39 39 2
297 386 
166 38 4 35 35 5
253 252 373 129 
10 33 5 5 5 4
32 117 277 285 112 
99 182 4 29 29 4
282 212 209 240 
119 113 4 19 19 4
312 337 339 301 
72 95 2 17 17 2
223 275 
28 191 11 5 5 5
95 69 67 159 192 194 181 180 380 50 51 
122 23 4 26 26 4
321 205 182 80 
180 87 3 5 5 2
166 167 256 
120 48 2 14 14 2
135 134 
2 16 5 11 11 4
7 314 316 136 52 
175 122 15 31 31 5
386 297 21 20 97 225 301 339 174 177 327 325 366 273 272 
112 25 5 3 3 2
299 373 246 245 84 
31 118 5 25 25 5
102 117 277 285 309 
26 121 5 14 14 4
40 41 139 141 319 
171 86 6 13 13 5
39 38 298 360 46 44 
99 173 4 9 9 4
282 374 199 200 
168 83 4 26 26 5
186 171 93 95 
185 188 6 14 14 4
112 110 108 106 202 330 
131 66 6 1 1 5
340 293 292 342 239 209 
64 100 5 33 33 4
205 367 317 316 283 
139 83 4 38 38 5
356 173 93 95 
129 198 11 18 26 21
234 235 338 327 326 377 313 311 366 305 306 
140 88 4 31 31 4
82 81 334 257 
48 16 2 23 23 2
134 52 
87 51 2 24 24 2
256 167 
51 179 2 1 1 2
167 388 
145 136 5 3 3 4
315 314 332 358 349 
21 144 8 9 9 4
72 356 173 93 95 69 67 159 
183 54 2 23 23 2
339 174 
173 114 4 13 13 4
200 199 59 58 
47 103 3 40 40 3
154 125 124 
23 122 4 23 23 4
80 182 205 321 
166 92 2 40 40 2
116 115 
190 9 5 16 16 4
387 378 287 223 29 
58 60 2 16 16 2
171 172 
75 110 5 31 31 5
126 128 101 100 298 
94 194 5 37 37 5
60 61 302 71 74 
37 174 5 30 30 5
124 287 186 171 173 
197 181 8 32 32 4
142 140 241 243 368 369 240 239 
178 133 4 16 16 4
329 202 106 108 
73 24 4 14 14 4
97 20 22 83 
130 134 4 31 31 2
337 326 328 345 
82 16 5 12 12 5
248 265 204 206 54 
173 4 2 29 29 2
296 12 
155 4 6 39 39 5
91 92 240 209 211 13 
10 86 4 35 35 3
33 117 102 103 
119 85 4 11 11 4
311 267 269 254 
190 194 2 38 38 2
351 352 
135 118 6 39 39 4
347 358 188 143 145 284 
141 116 5 29 29 5
176 175 344 382 306 
131 76 6 5 5 4
318 140 141 368 258 231 
99 98 4 16 16 5
15 16 58 56 
17 51 5 3 3 4
56 280 288 77 75 
200 134 5 24 24 5
386 385 339 174 175 
93 16 4 39 39 4
272 321 367 54 
110 123 8 26 26 5
8 9 100 98 110 108 106 201 
73 24 4 40 40 4
97 20 22 83 
127 79 5 16 16 5
281 282 374 210 209 
104 17 2 9 9 2
280 56 
194 21 4 1 1 2
219 217 356 73 
96 147 5 35 35 3
277 145 143 190 363 
45 65 4 16 25 14
147 67 70 207 
187 193 2 40 40 2
294 295 
192 113 5 25 25 3
238 236 337 339 301 
13 182 6 11 11 3
42 88 87 89 90 240 
178 103 6 24 24 2
378 224 65 63 123 275 
34 111 2 33 33 2
113 249 
93 111 2 9 9 2
264 265 
11 172 6 11 11 2
35 288 77 75 164 222 
13 76 2 32 32 2
41 231 
167 152 6 12 12 2
326 327 344 345 306 305 
27 163 4 28 28 3
90 239 342 341 
162 8 2 8 8 2
49 23 
1 44 3 2 2 2
2 33 144 
193 90 4 20 20 3
357 293 294 262 
186 137 2 8 8 2
391 354 
127 76 8 15 15 2
281 282 212 209 240 369 258 231 
186 60 2 39 39 2
380 193 
90 158 6 38 38 4
24 25 60 61 348 370 
110 171 4 37 37 2
298 100 37 39 
176 66 2 14 14 2
14 11 
200 193 3 12 12 3
83 82 357 
29 113 2 1 1 2
97 225 
50 178 2 10 10 2
160 329 
48 90 2 33 33 2
156 262 
185 171 5 27 27 2
309 308 343 110 111 
47 37 2 29 29 2
64 63 
151 82 2 37 37 2
266 248 
136 178 2 31 31 2
351 387 
176 8 2 6 6 2
375 26 
30 153 3 16 16 2
99 298 360 
102 147 2 17 17 2
284 308 
103 65 7 11 11 5
124 122 65 66 216 215 207 
81 112 5 37 37 3
245 252 229 230 299 
184 118 4 23 23 4
383 111 112 309 
53 196 3 15 15 2
172 193 381 
122 195 2 8 8 2
321 367 
49 60 2 14 14 2
159 192 
131 182 2 13 13 2
242 244 
128 47 7 16 16 4
286 275 276 125 122 65 64 
109 54 5 13 13 4
297 386 385 339 174 
98 114 4 19 20 5
280 57 55 279 
91 92 3 39 39 2
248 113 115 
155 74 4 1 1 4
368 319 320 227 
96 1 3 10 10 2
117 32 2 
8 42 2 2 2 2
27 138 
1 102 3 19 19 2
4 144 145 
83 28 3 16 16 2
251 362 96 
98 114 2 21 21 2
278 279 
166 92 2 2 2 2
116 115 
61 88 2 6 6 2
197 257 
184 153 7 36 36 5
383 39 38 8 9 100 101 
173 199 4 36 36 3
200 199 210 212 
127 76 3 13 13 2
42 40 87 
110 77 5 3 3 3
38 37 43 46 233 
126 136 4 29 29 3
7 5 61 346 
177 131 3 15 15 2
243 241 318 
70 62 9 35 35 5
163 164 76 77 36 35 57 59 199 
80 131 2 11 11 2
241 318 
106 145 2 1 1 2
289 331 
178 72 3 1 1 2
378 287 223 
1 44 3 10 10 2
4 277 145 
175 119 3 21 22 6
237 236 312 
113 129 6 2 2 2
225 97 20 22 83 81 
109 24 3 8 8 2
21 22 83 
19 95 3 22 23 5
65 122 123 
142 23 8 29 29 4
358 290 291 179 19 1 2 31 
144 83 3 3 3 2
159 67 69 
153 110 2 33 33 2
101 99 
71 179 3 33 33 3
164 150 153 
52 92 3 4 4 3
170 116 115 
192 198 8 13 13 3
313 312 236 235 324 327 344 345 
132 90 2 19 19 2
341 261 
115 58 3 17 17 3
71 73 187 
163 36 3 2 2 3
375 133 119 
97 199 3 21 21 3
55 59 374 
55 178 8 38 38 4
179 191 190 323 107 106 202 329 
105 178 4 18 18 5
276 275 287 378 
52 25 3 33 33 2
168 245 84 
116 91 3 11 11 3
305 366 266 
23 164 4 31 31 3
31 17 19 179 
156 34 2 25 25 2
254 114 
200 109 2 10 11 2
22 21 
147 164 4 32 32 2
363 190 188 359 
30 12 2 7 7 2
99 38 
175 129 3 31 31 2
237 238 336 
130 200 3 8 8 3
235 237 386 
128 95 3 8 8 2
286 124 123 
171 110 2 22 22 2
39 38 
155 182 3 37 37 2
91 90 240 
27 26 2 1 1 2
89 87 
168 72 2 29 29 2
287 223 
174 60 2 31 31 2
173 172 
90 187 3 27 27 2
260 292 294 
26 13 2 15 15 2
88 42 
27 131 3 31 31 3
92 244 242 
136 194 3 19 19 2
351 218 219 
12 14 2 2 2 2
37 43 
91 52 7 20 20 2
266 273 270 249 113 116 170 
146 72 8 32 32 2
362 208 207 215 216 276 123 122 
165 86 3 27 27 2
373 229 228 
185 59 3 22 23 4
364 363 190 
87 11 3 34 34 3
165 75 34 
50 128 2 18 18 2
161 333 
124 82 7 34 34 4
324 337 312 271 264 265 249 
46 137 3 5 5 3
153 388 353 
188 149 2 10 10 2
162 161 
165 75 2 28 28 2
129 126 
115 21 4 32 32 2
304 219 217 72 
173 99 4 12 12 5
200 199 374 282 
51 17 5 4 4 4
75 77 288 280 56 
149 178 3 19 19 3
161 160 329 
110 30 3 39 39 2
8 9 100 
157 2 2 25 25 2
332 7 
3 77 5 32 32 3
9 298 99 101 233 
131 27 5 9 9 3
318 319 243 244 92 
44 185 3 1 1 2
146 308 364 
151 134 5 15 15 4
366 325 328 382 344 
28 65 3 35 35 3
96 362 208 
134 141 5 33 33 2
344 338 339 178 176 
9 194 5 15 15 5
28 187 356 217 219 
14 153 2 1 1 2
43 101 
123 63 2 3 3 2
107 106 
37 47 2 11 11 2
63 64 
52 67 4 17 17 4
169 249 184 183 
120 100 2 11 11 2
131 130 
14 12 4 19 19 2
43 98 111 39 
63 149 3 20 20 3
203 162 161 
98 114 2 27 27 2
278 279 
25 77 2 19 19 2
85 232 
24 54 4 19 19 4
83 386 385 178 
192 154 3 9 9 3
355 197 198 
4 186 6 14 14 4
10 133 27 23 51 391 
135 142 2 16 16 2
346 349 
76 121 6 5 5 3
89 91 369 244 243 319 
171 110 2 23 23 2
39 38 
77 102 8 9 9 3
233 360 298 99 98 112 309 284 
66 176 5 5 5 2
209 239 342 341 375 
119 92 3 13 13 2
271 273 267 
187 48 2 30 30 2
136 134 
119 54 6 12 12 3
313 377 236 235 338 177 
194 178 3 35 35 2
219 218 387 
4 99 4 40 40 3
11 210 374 282 
42 179 3 24 24 3
137 353 388 
88 78 3 33 33 3
257 355 238 
27 76 3 22 22 2
91 258 231 
67 157 5 21 21 2
213 291 191 188 358 
44 23 10 28 28 3
146 309 285 277 4 3 191 179 19 18 
153 112 2 27 27 2
233 232 
21 135 2 32 32 2
71 302 
177 89 7 29 29 2
141 140 241 244 92 91 258 
112 77 3 16 16 2
299 129 127 
45 20 2 26 31 9
147 67 
83 139 5 27 27 5
95 93 171 187 356 
15 56 3 1 1 3
50 380 180 
195 126 2 26 26 2
317 314 
83 60 3 22 23 5
250 96 94 
34 112 3 13 13 3
116 86 85 
4 87 4 19 19 3
14 133 119 121 
20 65 2 27 30 5
70 207 
185 136 4 24 24 3
364 189 188 349 
168 105 4 31 31 3
287 223 122 125 
104 117 5 20 20 2
35 34 76 222 307 
55 23 3 34 34 2
19 17 31 
12 153 3 4 4 2
38 99 101 
18 142 3 35 35 3
61 347 358 
180 70 2 27 27 2
166 163 
26 155 3 39 39 3
87 231 258 
185 171 2 25 25 2
112 111 
146 60 2 1 1 2
96 94 
124 54 2 22 22 2
324 174 
129 73 4 30 30 3
335 385 301 225 
40 87 2 12 12 2
119 121 
178 58 2 13 13 2
378 186 
43 131 3 38 38 2
142 320 318 
47 72 2 15 15 2
64 65 
70 56 2 12 12 2
152 151 
10 96 2 21 21 2
2 4 
46 70 3 30 30 2
150 166 220 
192 151 3 11 11 2
313 271 273 
132 66 3 8 8 2
342 239 209 
48 94 3 9 10 6
156 283 274 
46 169 2 6 6 2
153 379 
53 174 2 19 19 2
171 187 
157 158 3 26 26 3
347 348 370 
149 32 7 31 31 2
161 160 330 203 201 322 108 
91 119 3 33 33 2
265 270 271 
155 131 3 37 37 3
368 243 242 
165 159 2 11 11 2
230 229 
59 10 6 37 37 2
188 359 179 19 1 2 
32 149 5 39 39 2
106 202 330 390 365 
37 45 4 33 33 3
125 216 215 149 
81 159 2 17 17 2
247 372 
123 133 2 1 1 2
107 108 
54 170 2 30 30 2
175 344 
71 17 5 21 21 5
222 307 288 280 56 
179 191 3 26 26 3
388 353 354 
94 2 2 3 3 2
60 5 
118 142 4 8 8 3
308 189 191 359 
75 166 4 28 28 3
230 373 252 253 
54 134 2 11 11 2
177 344 
148 32 2 36 36 2
323 107 
44 147 2 2 2 2
146 308 
127 13 2 4 4 2
88 40 
123 133 2 4 4 2
107 108 
138 78 3 30 30 2
334 336 238 
100 126 5 12 12 3
283 136 135 315 331 
132 181 2 30 30 2
341 376 
158 136 5 34 34 3
303 71 74 392 351 
95 45 6 13 13 3
123 122 65 66 216 148 
86 35 4 16 16 2
103 104 372 118 
158 169 5 12 12 2
370 49 51 391 380 
160 52 2 16 16 2
247 168 
36 4 2 36 36 2
119 10 
71 4 3 10 10 2
221 132 10 
44 102 2 20 20 2
146 284 
189 11 4 15 15 3
256 165 75 34 
81 112 3 1 1 3
246 373 299 
150 146 2 25 25 2
251 250 
85 92 2 14 15 5
114 115 
161 176 5 35 35 3
374 212 211 26 27 
182 4 4 21 21 3
389 376 211 11 
170 167 2 17 17 2
338 337 
65 83 2 2 2 2
208 251 
104 97 2 31 31 2
57 55 
120 57 3 39 39 3
317 206 182 
158 21 2 10 10 2
303 71 
59 133 3 1 1 2
190 323 322 
63 32 2 2 2 2
201 107 
187 16 2 24 24 2
136 52 
65 83 2 5 6 5
208 251 
118 14 2 25 25 2
284 45 
159 160 2 10 10 2
104 105 
73 7 2 3 3 2
97 20 
80 121 2 36 36 2
243 319 
49 68 2 39 39 2
147 148 
97 66 4 17 17 3
279 58 59 210 
112 31 5 20 20 3
85 84 245 246 104 
178 149 3 29 29 3
329 160 161 
34 91 2 31 31 2
113 248 
26 197 4 11 11 4
40 41 139 142 
127 76 2 12 12 2
88 87 
42 8 2 30 30 2
138 27 
81 75 2 38 38 2
246 229 
62 99 3 30 30 3
199 374 282 
141 167 5 34 34 3
176 175 345 328 326 
133 171 6 4 4 2
322 201 202 330 390 383 
41 88 4 11 11 2
135 317 54 53 
195 67 2 37 38 5
361 214 
79 182 2 19 19 2
239 389 
191 8 3 21 21 2
51 48 25 
165 77 2 31 31 2
129 127 
181 90 2 25 25 2
376 261 
56 196 2 19 21 3
180 381 
75 25 4 19 19 3
229 246 245 84 
166 25 2 13 13 2
253 84 
4 17 6 26 26 3
12 296 384 307 288 57 
78 167 2 6 6 2
235 337 
190 21 2 32 32 2
392 74 
182 76 2 7 7 2
92 89 
64 61 3 3 3 2
206 367 198 
110 14 3 28 28 2
298 360 46 
9 58 5 5 5 2
30 96 93 173 187 
171 50 3 30 30 3
383 365 161 
13 99 2 27 27 2
42 281 
125 188 4 38 38 2
160 161 365 390 
98 11 3 38 38 2
56 57 35 
22 172 3 11 11 2
34 36 307 
37 72 2 28 28 2
63 65 
150 60 4 30 30 3
362 96 93 172 
1 147 2 33 33 2
3 189 
22 17 3 25 25 3
34 35 57 
149 125 2 17 17 2
161 160 
85 82 2 17 17 2
114 113 
160 164 5 36 36 4
118 32 2 3 191 
55 10 2 33 33 2
19 17 
95 105 2 26 26 2
123 125 
185 143 3 21 21 3
47 43 100 
163 8 2 35 35 2
261 24 
152 170 3 34 34 2
305 306 382 
63 50 2 19 19 2
203 162 
99 97 5 19 19 3
282 374 59 56 278 
155 177 3 4 4 2
369 244 243 
11 22 3 13 13 2
36 307 78 
21 139 2 4 5 2
73 356 
160 86 2 31 31 2
105 103 
25 160 3 35 35 3
84 245 247 
4 40 3 32 32 2
13 375 133 
143 185 3 39 39 3
360 46 47 
16 193 3 5 5 3
52 134 157 
83 58 5 37 37 3
95 93 173 356 185 
68 83 4 7 7 3
215 207 208 251 
129 141 7 1 1 4
234 236 326 324 338 177 176 
175 24 2 9 9 2
386 83 
103 72 2 12 12 2
124 122 
45 68 2 37 38 2
149 215 
139 194 3 28 28 2
217 218 392 
188 149 2 16 16 2
162 161 
136 178 3 37 37 2
352 392 387 
145 67 4 34 34 2
331 332 290 213 
167 78 2 13 13 2
377 238 
135 158 2 18 18 2
348 370 
119 170 4 13 13 2
310 326 337 338 
10 44 2 1 1 2
33 144 
21 58 2 9 9 2
73 187 
129 167 2 7 7 2
234 236 
158 21 3 33 33 2
303 304 74 
156 151 3 4 4 2
269 268 366 
50 178 2 14 14 2
160 329 
19 103 4 38 38 2
63 122 224 287 
64 122 2 20 20 2
205 321 
73 130 4 36 36 3
225 300 385 339 
129 119 3 37 37 2
336 377 312 
3 12 2 6 6 2
8 38 
160 166 4 39 39 3
372 246 168 170 
109 175 3 34 34 2
21 22 386 
90 158 4 34 34 4
259 48 49 370 
1 23 2 18 18 2
2 31 
74 24 3 4 4 3
226 297 83 
48 107 3 27 27 2
157 357 293 
22 4 4 28 28 3
78 384 296 12 
71 173 2 1 1 2
222 384 
199 17 2 24 24 2
374 59 
51 87 2 2 2 2
167 256 
197 121 2 39 39 2
142 140 
85 92 2 16 16 2
254 269 
178 72 2 5 5 2
378 224 
134 119 5 10 10 3
175 174 338 327 310 
187 94 2 13 13 2
283 274 
179 180 3 36 36 3
153 150 166 
56 87 3 35 35 3
151 150 165 
52 111 4 24 24 2
170 116 113 249 
4 8 2 3 3 2
14 27 
13 43 2 36 36 2
41 139 
90 15 2 9 9 2
24 23 
165 81 3 6 6 2
373 372 247 
110 3 4 33 33 2
38 37 100 9 
130 24 5 20 20 3
337 236 237 386 83 
181 163 2 17 17 2
342 341 
95 47 3 38 38 2
123 125 154 
183 130 2 30 30 2
178 174 
59 147 2 29 29 2
190 363 
130 113 2 20 20 2
339 301 
87 179 2 31 31 2
256 388 
79 76 4 19 19 2
90 91 258 231 
23 10 2 25 25 2
18 17 
145 67 3 3 3 2
331 289 213 
119 167 2 16 16 2
310 326 
61 92 6 6 6 5
198 205 204 270 264 263 
63 133 2 30 30 2
201 322 
54 170 2 36 36 2
175 344 
94 132 2 17 17 2
259 260 
45 65 2 34 34 2
149 207 
47 37 2 35 35 2
154 125 
113 7 3 4 5 6
225 97 20 
137 87 2 4 4 2
353 256 
57 111 2 4 4 2
182 204 
183 175 2 7 7 2
301 300 
52 154 5 11 11 4
169 249 184 182 205 
170 113 3 28 28 3
338 339 301 
32 123 2 24 24 2
106 201 
14 171 3 29 29 3
43 98 111 
64 122 2 3 3 2
205 321 
88 122 2 6 6 2
195 196 
37 47 5 14 14 2
123 275 223 65 64 
61 88 2 38 38 2
197 257 
197 131 2 4 4 2
320 318 
127 76 2 29 29 2
88 87 
187 145 3 15 15 2
316 317 361 
33 14 3 11 11 2
98 101 46 
139 21 2 6 6 2
356 73 
15 158 2 12 12 2
50 371 
108 22 2 11 11 2
221 76 
114 98 2 23 23 2
58 56 
121 182 4 9 9 2
140 139 258 369 
12 153 4 34 34 2
38 8 9 360 
85 111 6 21 21 3
254 269 263 266 273 270 
61 16 2 14 14 2
195 53 
193 187 3 1 1 2
157 134 136 
94 39 2 34 34 2
274 130 
130 113 3 11 11 2
174 178 301 
168 105 4 21 21 3
224 65 63 125 
180 11 2 3 3 2
79 34 
79 90 3 11 11 3
239 342 260 
167 192 3 39 39 2
337 235 238 
58 53 2 11 11 2
187 173 
131 193 3 30 30 2
340 293 295 
48 131 3 40 40 3
157 357 340 
50 188 2 16 16 2
160 330 
17 199 2 1 1 2
59 374 
179 70 3 19 19 2
388 167 163 
131 182 2 32 32 2
242 244 
9 60 3 4 4 3
30 96 94 
70
40
85 272 73 329 172 341 218 157 149 163 189 45 296 104 62 232 44 160 233 100 353 179 285 15 247 358 356 145 196 216 289 140 340 346 268 49 58 71 81 241 
50
374 93 363 121 231 166 55 8 26 259 4 233 253 12 301 112 235 383 265 290 174 185 115 353 125 365 392 19 99 28 339 1 78 379 118 313 139 145 70 168 187 106 202 73 258 254 275 191 65 250 
43
114 135 184 163 249 205 126 242 231 298 173 80 2 259 319 247 325 178 355 276 92 282 237 48 245 156 49 387 317 194 21 336 286 275 353 34 151 124 326 328 210 42 204 
41
254 372 1 358 118 43 165 50 134 340 72 109 19 201 244 37 391 28 79 189 224 256 34 143 294 123 380 149 193 221 252 262 239 217 104 297 169 325 9 383 387 
42
250 330 192 331 358 108 388 43 361 178 104 205 58 371 365 98 164 232 62 55 217 115 224 183 12 279 359 209 177 199 375 11 308 96 132 335 318 7 201 39 29 389 
48
192 253 369 80 37 229 109 181 248 121 22 128 348 289 319 217 382 153 347 101 134 163 321 336 96 392 154 162 148 366 363 64 188 137 331 3 211 129 227 144 11 40 281 200 251 291 71 276 
45
110 217 175 385 240 238 273 286 280 108 109 367 9 35 95 185 276 291 259 44 211 134 167 88 86 57 140 188 74 324 91 312 371 127 49 360 252 165 177 306 285 256 118 155 124 
41
269 69 87 15 386 128 346 265 216 249 384 65 382 375 21 340 18 44 307 228 208 324 348 341 111 3 53 383 79 366 42 49 281 277 73 74 108 376 270 230 5 
46
340 386 216 33 258 46 306 291 355 44 207 180 141 193 376 210 372 229 211 315 308 18 139 170 125 249 4 132 127 254 357 69 19 204 242 51 138 47 144 240 160 387 96 181 165 92 
49
55 161 25 272 204 177 306 2 158 329 195 264 108 3 276 164 19 54 49 392 159 21 15 80 318 47 216 218 343 373 215 347 91 199 20 366 286 383 265 250 124 156 138 162 56 224 46 253 363 
46
138 345 13 6 221 298 84 23 244 242 181 89 210 107 309 72 109 99 54 116 16 165 79 278 342 257 56 218 164 288 287 166 336 360 255 214 128 31 115 274 25 63 127 82 343 312 
49
58 289 98 364 106 265 15 280 245 306 344 134 89 296 389 174 33 239 131 7 340 196 266 49 214 204 270 390 203 274 145 335 71 199 223 264 17 51 218 365 36 177 97 133 313 208 358 321 371 
45
191 12 167 279 283 334 361 389 308 28 309 364 300 86 333 287 268 346 319 144 203 8 83 212 159 273 158 62 102 69 225 110 187 253 175 281 305 342 293 14 10 135 214 17 262 
40
349 287 246 384 17 251 12 311 120 292 205 163 276 262 99 362 288 30 228 90 373 3 18 326 40 340 7 41 54 147 69 130 86 180 298 26 337 190 235 107 
48
245 320 293 378 93 238 220 385 83 230 85 387 183 209 39 91 164 207 225 160 140 109 371 7 148 66 57 359 242 243 203 265 14 370 204 87 173 135 82 312 223 50 276 22 99 17 95 233 
49
370 389 235 182 27 277 51 247 347 312 275 94 91 198 309 131 387 251 237 353 292 254 136 109 123 231 230 107 96 16 199 39 71 36 238 242 14 101 78 308 368 196 111 179 74 287 323 305 165 
46
124 271 360 130 358 123 266 147 148 191 337 304 178 262 324 17 314 10 116 349 180 367 380 233 132 342 53 329 280 263 103 19 115 105 196 85 391 98 268 385 269 376 201 34 316 384 
42
256 22 153 357 380 126 152 83 205 11 365 58 268 235 202 1 344 43 354 57 234 209 289 281 208 361 225 198 80 318 384 343 197 61 215 277 159 127 35 36 340 282 
46
145 285 70 351 177 283 375 57 235 119 199 147 174 305 354 129 4 1 293 355 24 245 8 5 362 314 50 248 247 72 231 28 271 275 21 380 190 232 389 164 205 239 246 219 130 161 
46
330 257 360 55 186 345 335 236 173 300 47 155 299 227 141 56 263 388 40 75 114 153 211 78 192 356 287 128 349 44 92 212 276 307 367 196 223 304 42 231 28 351 224 111 89 217 
42
312 319 360 72 268 276 304 88 96 31 126 85 19 332 317 122 227 121 105 150 177 26 331 25 41 288 153 381 338 314 220 250 344 133 255 378 351 138 147 309 221 334 
50
185 322 148 206 145 326 332 235 334 20 137 384 323 98 154 129 389 200 320 82 131 50 86 127 191 297 186 373 25 293 372 220 314 236 130 4 76 91 281 15 333 119 30 387 120 227 246 143 380 75 
40
150 328 37 362 376 99 98 93 272 274 262 357 257 130 79 109 381 245 390 43 152 56 379 243 383 275 102 260 211 388 270 181 216 197 209 33 307 200 339 333 
47
302 117 261 361 378 70 252 230 143 139 58 4 262 241 228 380 268 151 150 22 314 42 199 140 54 84 15 114 71 286 129 177 141 113 88 93 132 251 354 369 47 85 322 103 221 249 155 
50
123 40 41 291 328 103 211 360 364 80 326 131 184 96 275 60 375 261 389 190 346 93 213 373 109 387 125 218 153 175 256 318 4 47 59 112 24 388 68 374 254 251 355 119 210 37 367 277 142 341 
45
33 320 3 64 312 125 138 317 235 44 263 391 303 220 155 162 228 369 358 156 124 289 310 161 163 194 198 225 356 93 59 151 16 206 210 63 246 40 273 146 236 30 28 85 299 
44
308 130 92 64 335 183 371 202 300 178 194 197 271 295 151 339 35 45 56 379 31 66 303 382 6 294 13 72 275 43 311 192 136 278 102 199 257 75 61 253 76 109 324 117 
47
293 268 309 79 35 359 154 124 144 253 134 264 205 319 328 47 16 116 340 59 119 358 351 224 43 106 82 389 388 260 118 321 133 85 229 62 64 342 235 217 218 392 376 198 290 45 83 
41
338 186 13 55 205 294 341 91 30 56 201 117 75 335 204 151 355 122 192 299 83 262 171 43 237 317 64 187 269 52 219 215 208 173 348 325 370 322 279 141 256 
43
342 271 81 297 295 263 82 279 304 107 42 378 198 160 246 116 374 231 222 298 192 92 338 247 193 4 340 162 215 131 240 10 208 149 57 9 65 248 307 80 204 371 102 
40
351 367 21 6 356 213 307 232 180 390 271 120 87 231 224 24 168 118 364 338 274 260 185 288 71 192 186 384 222 283 312 212 92 182 210 141 250 305 318 183 
42
101 138 353 97 128 134 122 375 187 44 197 253 358 177 185 2 374 217 384 82 343 157 115 165 378 348 27 155 247 74 325 66 285 178 282 25 360 376 186 104 312 79 
45
1 168 123 347 15 61 252 49 79 235 172 68 258 372 209 304 151 210 11 200 66 366 30 342 240 357 140 254 250 259 247 163 207 71 321 229 10 354 374 353 288 337 271 309 188 
42
185 160 300 117 228 382 215 390 239 158 369 274 133 104 52 101 152 361 241 84 210 231 34 20 140 366 191 128 286 154 156 85 114 78 192 46 64 342 309 269 202 265 
49
193 199 70 145 204 78 92 283 87 249 116 8 143 96 254 305 128 221 217 247 56 69 166 333 68 159 17 278 272 187 5 318 324 343 196 95 237 303 288 243 25 331 357 161 274 224 364 376 312 
40
208 24 151 80 247 8 376 146 364 126 242 179 13 290 276 52 223 107 233 317 177 211 278 243 122 231 342 257 150 287 165 147 216 120 340 274 1 295 313 210 
45
356 105 26 186 377 233 112 207 336 97 226 317 344 78 31 293 192 296 298 42 238 5 222 156 37 164 237 373 374 167 23 213 250 151 21 65 166 288 264 77 294 87 107 10 162 
48
321 333 10 77 25 20 386 145 341 73 326 53 206 80 351 344 338 360 138 390 130 55 381 325 219 6 287 149 339 142 296 72 323 161 375 186 318 348 19 366 283 58 109 135 232 68 35 376 
44
257 81 242 163 46 350 225 107 150 63 215 306 119 246 239 2 50 9 196 108 228 193 38 388 43 52 296 134 89 167 335 194 342 330 373 195 91 126 310 11 118 258 317 158 
44
265 185 155 208 133 29 130 11 104 3 365 34 357 204 364 110 291 48 47 30 255 350 382 230 243 192 314 288 181 8 309 137 125 205 109 388 127 169 124 337 196 88 390 387 
46
18 275 247 314 90 5 177 161 338 45 339 4 58 233 308 144 51 125 112 360 9 388 331 329 164 121 279 253 170 85 226 83 256 327 214 44 270 48 37 328 67 293 225 209 89 109 
45
269 182 230 34 26 256 273 338 79 260 168 22 327 193 249 158 37 63 48 50 311 167 87 42 17 280 312 353 139 210 9 154 276 101 156 149 140 339 298 357 172 28 211 349 147 
42
321 383 129 242 266 229 279 159 13 239 145 211 306 3 177 4 276 346 31 184 374 59 81 63 100 246 32 152 326 228 34 47 297 325 342 8 125 198 48 348 233 105 
47
177 159 182 376 1 255 48 206 259 390 313 389 98 178 261 133 99 180 111 328 195 316 70 295 97 58 360 285 82 56 318 7 305 391 388 272 323 196 95 148 234 304 24 246 332 143 329 
43
232 374 365 303 140 142 42 14 298 122 36 201 41 359 187 249 95 173 338 327 273 185 71 266 263 243 254 330 195 144 105 123 28 308 289 37 357 33 24 100 22 90 189 
41
20 119 330 70 190 228 45 138 307 158 101 9 233 108 305 153 275 151 165 83 89 120 114 340 29 311 149 254 321 375 132 376 261 220 21 117 193 127 333 336 39 
44
27 40 37 9 157 196 183 264 287 151 57 369 150 172 88 181 193 41 97 300 129 136 239 67 64 243 392 261 92 160 226 83 140 74 215 234 367 26 1 76 108 162 216 320 
42
241 317 257 145 222 207 67 373 188 130 367 166 52 189 265 15 102 333 230 193 208 282 316 19 51 255 341 55 197 214 171 6 154 35 80 329 200 192 7 236 196 228 
43
309 19 391 272 147 371 53 166 211 159 390 173 300 94 253 227 319 370 333 267 128 48 31 97 376 258 350 46 80 302 215 15 223 136 7 281 171 207 323 68 209 138 228 
48
5 299 375 17 90 284 1 188 264 117 136 108 272 43 128 305 171 51 168 380 98 31 197 184 25 194 103 59 151 145 381 357 367 259 255 36 293 110 224 45 152 205 162 386 313 102 174 178 
48
80 86 210 242 140 21 39 237 48 374 308 115 297 279 225 205 103 16 3 316 253 313 130 170 268 281 245 255 141 354 128 351 187 381 230 59 82 126 375 28 19 36 18 336 90 195 340 102 
46
248 149 86 237 79 392 319 201 25 102 205 348 80 108 139 374 240 23 351 132 202 219 224 151 24 109 196 48 238 40 218 197 337 63 288 230 254 194 100 179 52 77 256 6 58 300 
41
298 58 273 274 47 259 117 331 341 269 16 90 354 272 130 192 163 174 369 46 178 189 319 249 382 326 4 355 57 225 48 67 264 55 271 150 204 287 91 236 14 
48
26 245 145 274 130 289 321 196 58 310 155 136 292 204 248 279 104 186 359 61 144 5 146 319 232 172 193 23 244 183 378 79 227 376 90 355 81 46 217 32 156 4 221 108 295 318 105 306 
45
25 264 328 102 372 355 188 12 254 109 313 27 282 154 383 206 391 181 160 31 195 203 114 81 59 329 131 248 379 270 296 187 371 340 30 143 55 241 89 305 158 387 148 91 320 
40
93 90 73 301 339 55 270 366 40 63 112 325 316 279 134 203 153 21 264 229 2 104 17 3 290 119 372 65 219 56 321 238 60 268 378 117 121 328 129 185 
43
17 94 113 329 263 195 154 180 12 373 90 289 293 74 220 356 69 42 44 39 112 133 311 159 119 181 191 285 305 86 235 27 79 148 327 87 330 299 345 277 135 365 275 
44
259 272 249 203 127 20 9 378 302 353 349 288 267 133 369 315 169 220 335 118 91 190 101 168 339 384 134 216 307 132 391 147 85 304 50 286 347 196 250 350 375 40 257 303 
48
183 318 25 128 163 162 201 253 298 87 125 342 185 35 250 312 215 269 107 135 260 173 27 63 199 321 282 363 126 103 61 306 303 251 41 122 195 353 259 14 4 186 158 268 130 198 280 69 
48
297 271 186 203 4 372 144 25 107 226 261 254 102 86 239 345 248 125 3 167 277 370 343 108 369 351 195 133 360 324 36 187 117 321 84 255 320 347 281 246 313 310 112 228 148 344 315 40 
47
46 59 261 238 97 171 182 84 106 252 258 279 10 138 371 114 250 233 321 79 249 195 157 202 13 12 194 333 335 318 208 381 49 123 7 320 339 115 81 277 6 130 17 377 186 214 315 
46
18 113 365 274 193 104 231 253 269 3 213 131 295 172 130 5 22 372 324 242 135 66 65 111 169 210 294 194 189 123 93 139 124 147 381 148 340 266 68 91 163 392 26 73 95 391 
40
47 306 288 214 117 142 374 58 132 330 31 339 97 204 242 69 262 321 91 107 255 157 320 346 115 1 39 196 267 231 62 59 223 278 190 134 145 384 341 96 
44
81 16 103 7 389 122 257 237 336 70 193 147 132 34 107 220 17 362 315 364 185 299 110 238 148 256 124 226 328 329 204 90 26 118 319 10 301 2 369 242 68 195 129 180 
40
194 226 74 369 389 14 278 349 275 181 365 268 375 206 88 235 243 258 123 230 71 195 267 121 284 179 266 72 158 1 146 33 330 148 252 149 208 299 151 261 
40
339 175 329 4 133 108 304 143 266 298 275 235 226 149 311 375 384 238 28 3 13 285 201 358 10 147 150 200 223 32 57 340 290 160 265 49 183 354 392 334 
41
201 14 388 196 122 207 26 47 81 355 350 63 64 292 303 189 301 30 247 98 230 245 139 12 227 6 289 198 209 36 290 310 283 249 302 296 385 150 324 218 56 
50
147 93 74 330 75 387 341 327 268 99 269 193 82 151 190 197 262 62 57 181 246 187 280 85 155 264 118 338 244 333 380 320 282 123 50 298 228 342 261 363 256 389 328 19 97 38 158 34 340 337 
50
155 367 137 281 107 290 72 261 252 213 254 250 144 78 364 62 180 334 370 333 348 86 69 356 376 260 236 203 199 289 278 218 323 89 354 315 44 182 329 276 105 116 355 46 90 270 177 374 379 366 
43
194 164 173 1 326 120 247 297 105 256 343 28 35 58 165 128 219 98 107 83 366 41 63 275 82 210 10 87 117 338 132 346 150 16 122 39 160 237 8 229 154 208 337 
