10 22
3 2 5 2 5 2 0 1 1 0
1 7
2 7
2 9
3 4
3 10
4 6
5 8
5 9
5 10
6 7
6 10
8 9
5 9
1 7
1 7
5 9
5 8
6 7
5 10
3 10
1 7
6 7
190
3 1 4 15 15 37
4 6 18 15 
8 1 7 19 19 26
7 19 20 4 6 18 14 
1 8 5 16 16 77
14 18 11 9 7 
5 1 4 38 38 52
19 11 10 1 
1 3 4 19 19 94
1 10 11 5 
5 1 4 2 2 3
13 3 2 14 
1 3 4 11 13 9
1 18 11 20 
3 1 4 27 28 95
4 6 18 15 
5 1 4 15 15 5
9 11 10 1 
3 1 8 29 30 77
4 6 11 19 13 3 2 1 
1 8 5 33 33 73
15 10 11 9 17 
4 8 4 20 20 77
4 5 19 7 
9 4 4 1 1 2
13 19 20 4 
3 1 6 40 40 83
20 19 13 3 2 14 
4 8 5 32 32 100
4 5 19 8 12 
5 1 4 1 1 57
8 3 2 14 
4 8 5 36 36 16
4 20 9 8 12 
4 9 4 16 16 73
4 5 19 13 
8 1 5 4 4 58
17 13 3 2 15 
5 1 4 6 6 54
13 3 2 1 
9 4 5 8 8 99
12 7 9 20 4 
8 4 5 34 34 100
12 8 9 20 4 
3 1 4 22 22 47
5 11 22 14 
1 3 4 37 37 45
14 10 11 20 
5 1 4 1 1 29
9 11 10 1 
8 4 4 33 33 33
7 19 5 4 
1 8 6 6 6 48
15 22 11 9 8 12 
5 1 4 31 31 93
16 3 2 1 
1 3 4 25 26 4
14 10 11 5 
3 1 6 34 34 45
5 19 16 3 2 1 
3 1 4 10 10 58
20 11 18 14 
3 1 4 17 17 35
5 11 18 14 
8 1 7 24 26 39
7 9 20 4 6 18 15 
1 8 8 38 38 44
21 18 6 4 20 9 13 12 
8 1 5 36 36 24
7 13 3 2 15 
4 8 4 7 7 76
4 20 19 17 
1 8 5 3 3 53
14 2 3 8 7 
3 1 4 23 23 58
4 6 10 15 
3 1 4 5 5 95
4 6 22 1 
5 1 4 33 33 79
8 3 2 1 
3 1 4 31 31 52
4 6 22 21 
5 1 4 9 9 20
19 11 18 14 
1 8 5 39 40 86
1 18 11 9 7 
3 1 4 40 40 45
4 6 22 15 
4 8 4 14 14 41
4 20 19 7 
1 3 4 14 14 97
15 22 11 5 
2 3 4 32 32 44
3 16 9 20 
8 1 5 8 8 56
17 13 3 2 15 
3 1 4 5 5 36
5 11 10 15 
8 1 5 3 3 4
17 19 11 10 15 
1 8 5 5 5 99
21 2 3 13 7 
8 1 7 10 13 8
7 9 5 4 6 10 21 
3 1 4 31 31 43
20 11 10 15 
8 1 5 7 7 8
7 8 3 2 14 
4 8 4 2 2 99
4 5 9 7 
4 9 4 21 21 68
4 5 19 8 
5 1 5 13 13 63
17 12 3 2 15 
5 1 5 14 28 62
17 12 3 2 21 
3 1 4 9 9 55
4 6 10 21 
4 9 4 17 17 42
4 20 19 8 
3 1 4 23 23 62
20 11 22 14 
8 4 5 37 37 90
12 3 2 22 6 
8 1 5 18 18 73
7 19 11 18 1 
4 8 5 39 39 33
4 20 19 16 12 
3 1 4 20 20 95
20 11 18 15 
4 8 5 3 3 83
4 20 9 16 12 
5 1 6 6 6 36
19 20 4 6 18 14 
4 9 4 18 18 40
4 20 9 13 
1 8 5 38 38 94
14 2 3 16 7 
1 5 5 9 9 85
15 2 3 12 7 
8 4 8 35 35 26
7 16 3 2 22 11 5 4 
1 3 4 21 21 62
1 10 11 20 
8 1 7 22 22 97
7 19 20 4 6 18 1 
3 1 4 36 36 9
5 11 18 21 
5 1 4 12 12 49
16 3 2 15 
1 3 4 27 28 18
1 22 11 5 
5 1 4 7 7 100
9 11 18 21 
3 1 4 24 24 31
5 11 10 1 
5 1 4 39 39 32
8 3 2 21 
3 1 4 4 4 35
20 11 22 21 
4 8 5 4 4 81
4 5 9 16 12 
5 1 4 2 2 31
19 11 10 1 
4 9 4 37 37 8
4 5 9 8 
1 4 3 20 20 4
14 10 6 
1 4 3 18 18 60
14 22 6 
4 1 3 1 2 87
6 22 15 
1 4 3 33 34 1
21 18 6 
1 4 3 8 8 41
1 18 6 
1 4 3 21 21 3
14 18 6 
3 9 3 15 15 42
20 19 8 
1 4 3 17 17 11
1 10 6 
1 4 3 16 16 95
1 10 6 
3 9 3 8 8 64
5 19 8 
9 3 3 27 27 29
13 9 20 
3 9 3 9 9 71
20 9 16 
4 1 3 4 4 58
6 10 14 
4 1 3 32 32 42
6 10 21 
1 10 6 10 10 36
1 2 3 12 17 19 
8 1 4 11 11 93
12 3 2 14 
4 1 3 7 7 13
6 10 15 
8 3 4 5 5 39
12 16 9 20 
5 8 2 2 2 11
8 12 
3 8 4 35 35 51
20 19 13 12 
1 10 3 32 32 96
15 22 11 
5 8 2 12 12 76
8 12 
1 2 2 32 32 90
1 2 
5 3 2 23 23 29
19 5 
6 1 2 8 8 46
10 14 
9 3 4 29 29 8
12 17 9 20 
9 3 4 30 30 46
12 7 9 20 
8 9 2 5 5 84
17 8 
6 1 2 14 14 13
10 14 
9 3 4 31 31 48
12 7 19 5 
5 9 2 1 1 83
7 12 
1 4 3 35 35 35
15 18 6 
9 8 2 9 9 51
13 17 
10 1 3 34 34 45
11 10 14 
3 8 3 28 28 57
20 19 7 
9 10 2 14 14 48
13 9 
10 9 2 17 17 37
9 13 
9 10 2 19 21 71
13 9 
6 1 2 27 28 67
10 14 
4 1 3 36 36 26
6 10 14 
7 4 2 39 39 75
10 6 
1 6 2 18 18 14
15 10 
1 6 2 22 22 4
15 10 
9 10 2 11 11 29
16 19 
10 8 2 4 4 69
19 7 
6 1 2 3 3 60
22 21 
4 1 3 3 3 63
6 18 1 
9 10 2 22 22 7
8 9 
7 10 2 8 8 67
22 11 
5 9 2 40 40 70
17 12 
4 1 3 14 14 2
6 18 1 
6 1 2 29 29 59
10 15 
1 6 2 7 7 21
1 22 
6 1 2 12 13 54
22 14 
9 8 2 11 11 95
8 17 
1 6 2 15 15 78
14 22 
9 10 2 13 13 3
16 19 
8 5 2 7 7 94
12 16 
9 10 2 24 26 100
8 19 
8 10 2 23 23 61
7 9 
8 10 2 27 27 22
7 19 
10 8 2 12 12 19
19 17 
1 6 2 1 2 48
21 18 
8 9 2 6 6 13
7 16 
10 9 2 28 28 53
9 8 
6 1 2 4 4 96
18 1 
6 1 2 10 11 68
22 15 
1 6 2 23 23 28
1 18 
10 9 2 36 36 54
19 16 
6 1 2 30 30 90
18 15 
8 9 2 15 15 100
7 16 
10 9 2 31 31 20
9 13 
1 6 2 9 9 60
1 22 
6 1 2 16 16 69
22 15 
8 5 2 33 33 41
12 13 
1 6 2 30 30 5
14 10 
8 9 2 32 32 67
7 13 
6 1 2 5 5 45
18 14 
8 9 2 17 17 34
7 16 
6 1 2 24 24 9
22 14 
6 1 2 20 20 87
22 1 
6 1 2 35 35 2
10 14 
6 1 2 17 17 97
22 15 
8 9 2 34 34 28
17 13 
8 10 2 37 37 16
17 19 
10 8 2 35 35 38
9 17 
6 1 2 37 37 10
18 15 
8 9 2 21 21 2
7 16 
8 9 2 30 31 26
17 8 
1 6 2 25 26 88
1 22 
1 6 2 6 6 80
21 10 
8 9 2 29 29 99
7 8 
9 8 2 37 37 94
16 7 
6 1 2 29 29 24
18 21 
9 8 2 1 2 55
16 17 
6 1 2 31 32 93
18 14 
6 1 2 40 40 22
10 21 
1 6 2 19 19 29
15 22 
6 1 2 36 36 5
22 1 
8 9 2 39 39 89
17 13 
8 9 2 38 38 91
17 8 
1 6 2 21 21 67
15 22 
1 6 2 29 29 76
14 22 
1 6 2 30 30 56
21 22 
6 1 2 33 33 11
22 14 
6 1 2 34 34 50
22 15 
1 6 2 38 39 71
15 22 
70
4
12 6 18 10 
4
2 17 11 19 
8
11 6 20 13 22 18 21 14 
8
13 9 7 22 12 10 15 3 
8
3 21 7 20 9 17 16 11 
4
13 16 14 4 
6
19 2 14 1 17 18 
4
22 16 19 17 
8
6 3 15 10 17 16 18 5 
8
13 6 5 12 22 11 14 19 
7
9 13 19 16 18 8 7 
4
17 2 19 12 
6
12 14 17 6 9 10 
6
9 2 15 16 12 11 
7
19 1 10 9 21 11 5 
4
16 22 20 5 
8
19 10 6 13 20 14 22 1 
8
1 6 19 2 21 13 15 17 
8
19 18 21 15 9 6 10 20 
4
10 6 14 3 
4
9 13 10 19 
6
14 18 7 20 21 8 
5
15 13 7 19 22 
5
1 4 11 8 21 
4
20 6 16 17 
5
12 3 15 17 11 
4
15 22 8 1 
4
8 3 15 14 
5
21 4 15 13 9 
7
20 21 22 8 15 10 19 
6
21 10 16 9 6 13 
7
14 15 2 8 10 1 9 
5
4 18 20 3 1 
5
12 4 8 7 13 
5
7 11 6 15 22 
5
8 17 19 7 1 
7
20 16 1 9 12 15 11 
4
1 10 14 17 
8
12 8 7 11 19 4 5 15 
8
9 13 2 22 21 20 6 14 
5
1 12 15 7 2 
7
16 12 3 22 10 17 1 
6
21 22 16 12 7 5 
4
5 3 17 6 
7
3 12 19 21 18 22 20 
8
10 3 11 22 9 7 13 1 
8
5 16 2 14 7 4 13 8 
5
2 17 7 1 9 
7
12 5 18 6 3 14 13 
4
18 13 15 5 
4
10 6 14 5 
7
17 2 18 20 4 16 14 
5
3 6 19 8 16 
7
1 10 6 2 12 14 22 
5
20 4 22 21 17 
4
7 8 20 6 
6
9 21 2 20 14 11 
4
13 10 3 22 
8
16 15 3 9 6 5 22 14 
5
1 16 8 11 20 
7
1 2 20 13 8 9 6 
4
21 1 5 9 
6
19 11 9 14 8 17 
5
22 13 4 8 16 
8
12 1 17 3 19 4 21 22 
4
20 6 21 9 
7
7 4 2 15 14 5 21 
4
5 1 3 6 
4
16 15 19 22 
7
22 6 13 12 2 8 18 
