80 148
0 9 0 0 0 9 0 0 0 11 0 0 0 0 0 0 3 0 0 0 0 0 0 5 0 8 4 0 0 0 4 0 0 0 0 0 11 0 7 7 0 0 11 0 0 12 0 0 5 0 10 0 0 0 4 0 9 0 0 0 0 0 0 5 5 4 0 0 0 3 7 0 0 3 0 1 0 0 12 0
70 74
1 24
52 66
1 50
1 62
2 17
2 18
2 34
55 80
3 4
3 37
3 46
4 37
4 53
63 74
5 35
5 62
6 21
58 65
6 62
7 27
7 36
8 65
55 61
8 77
9 31
69 80
48 61
78 79
10 16
10 73
11 17
11 40
56 64
12 38
12 54
13 38
14 15
49 52
14 44
14 77
15 45
15 51
16 60
50 62
16 73
17 18
45 69
17 79
18 28
18 78
19 21
19 42
50 67
20 45
48 75
20 55
54 67
21 41
22 23
22 26
22 41
48 55
23 29
23 58
23 65
24 29
24 41
25 56
25 71
26 65
26 77
45 80
47 55
27 72
28 50
56 63
28 78
44 77
29 78
29 79
30 47
30 51
30 55
48 80
31 48
31 59
31 68
31 75
32 64
32 73
33 53
33 64
33 76
52 77
35 50
58 79
36 44
49 69
54 60
39 61
40 70
45 49
41 57
43 59
43 69
69 75
43 75
21 41
43 75
27 72
58 65
13 38
11 40
21 41
56 63
30 55
45 49
50 62
26 65
48 75
3 37
10 16
58 79
24 29
14 77
1 24
49 69
14 44
40 70
19 42
40 70
50 62
25 71
12 38
10 16
50 62
45 49
50 62
22 41
32 73
13 38
8 65
10 16
52 66
58 79
49 69
10 16
713
73 72 21 35 35 23
31 136 44 100 58 54 139 20 18 115 140 60 66 120 72 41 129 98 22 21 75 
13 46 15 11 13 24
142 35 36 100 44 30 31 141 90 93 92 14 13 122 12 
18 46 14 27 39 39
47 32 33 132 1 15 116 34 93 92 14 13 122 12 
60 66 13 32 32 19
100 58 54 4 2 67 64 65 112 71 72 95 3 
69 34 17 5 7 16
147 118 55 57 74 82 83 43 38 126 25 143 112 124 49 6 8 
35 7 13 10 11 21
96 4 2 68 140 60 66 120 72 126 129 98 22 
65 64 15 33 33 14
71 61 140 68 2 5 133 54 58 100 44 148 31 91 90 
47 72 13 34 34 13
82 117 57 55 118 39 95 41 129 98 22 21 75 
78 20 16 20 22 16
29 146 19 23 25 79 129 38 43 83 117 9 27 147 118 55 
30 1 11 33 33 15
83 43 38 126 25 23 112 97 81 125 127 
34 42 14 38 38 15
8 6 49 81 80 78 76 139 5 127 68 115 52 131 
55 21 9 31 31 15
117 83 43 38 41 72 61 140 59 
27 78 14 22 22 17
21 22 98 40 126 72 120 66 65 97 49 47 50 78 
55 72 10 23 23 11
9 27 128 39 95 79 98 22 21 111 
36 34 12 37 37 13
98 40 126 25 23 19 65 64 80 51 7 8 
72 79 10 40 40 11
111 21 22 98 40 126 25 23 112 97 
16 34 12 18 26 29
46 91 90 34 116 15 1 132 114 32 6 8 
64 13 8 27 27 12
90 141 46 44 100 36 135 142 
66 28 9 35 35 11
3 95 25 143 19 97 29 51 50 
27 57 11 24 24 10
21 22 98 40 126 25 23 71 61 62 104 
2 66 9 18 18 12
7 47 49 146 112 23 25 95 145 
7 61 10 20 20 12
22 98 40 126 95 39 128 107 121 28 
66 62 11 17 17 14
145 95 72 71 112 124 81 67 127 4 137 
7 61 12 26 27 15
22 98 129 126 95 39 138 48 27 9 63 28 
30 72 14 39 39 14
82 74 24 28 85 73 42 38 41 79 98 22 21 111 
38 57 9 36 36 13
135 36 58 54 139 20 18 109 104 
27 57 15 25 25 10
21 22 98 129 126 25 23 66 65 146 29 80 67 68 104 
36 68 14 32 32 10
98 40 38 43 83 117 57 55 118 147 107 56 86 88 
54 71 8 40 40 10
100 44 46 91 90 34 69 70 
69 72 14 16 18 17
99 138 73 9 84 83 43 38 41 79 98 22 21 111 
44 28 9 23 23 13
40 41 25 143 66 65 146 29 78 
42 17 10 29 31 19
131 52 18 20 45 4 2 125 81 49 
66 72 7 33 33 15
145 95 79 98 22 21 75 
26 70 11 40 40 13
71 19 146 29 78 50 7 6 32 33 132 
10 6 8 34 34 10
31 46 44 100 58 54 133 20 
13 32 8 25 25 10
37 35 36 100 44 123 31 141 
6 13 9 15 24 22
20 17 16 96 54 58 36 135 37 
70 1 12 8 9 11
130 33 32 49 81 125 68 115 18 20 137 4 
58 20 10 25 25 9
19 71 72 79 40 38 43 83 117 57 
28 44 12 18 18 10
76 139 5 2 125 81 124 19 120 72 126 40 
42 8 7 27 27 9
131 52 59 140 61 120 23 
17 15 7 23 23 12
49 124 112 71 72 126 38 
8 61 10 29 29 11
143 71 72 79 40 38 43 83 117 24 
72 66 7 31 31 10
111 21 22 98 79 95 3 
72 65 8 29 29 15
111 21 22 98 129 41 25 23 
9 26 21 38 39 11
26 87 105 108 107 128 39 95 25 143 66 64 67 2 4 133 20 18 109 62 61 
18 42 10 39 39 13
7 6 49 124 65 60 140 115 52 131 
2 21 10 20 22 15
7 51 80 81 124 112 71 61 140 115 
47 66 6 16 18 12
74 57 55 118 39 3 
12 64 7 28 31 15
36 100 44 123 31 141 90 
36 47 13 12 13 10
98 79 95 39 99 107 56 85 73 55 57 84 82 
66 61 10 14 15 11
3 39 128 27 73 42 43 83 117 24 
77 9 15 26 26 9
79 40 38 43 83 117 57 55 118 99 107 110 105 87 26 
73 13 6 10 10 9
46 44 100 36 35 37 
61 66 8 5 5 11
24 63 121 107 48 103 39 3 
15 72 6 38 38 9
38 40 98 22 21 111 
73 13 7 26 26 12
31 30 44 100 36 135 113 
35 42 14 1 14 24
16 17 5 127 67 64 65 19 71 61 62 109 52 53 
62 8 9 20 20 14
45 76 50 47 49 97 65 66 143 
45 58 16 19 19 10
48 99 39 95 25 143 120 61 60 64 80 78 50 47 49 146 
62 8 9 1 1 10
139 4 2 125 80 29 146 112 143 
27 51 12 36 36 11
21 22 98 79 126 38 42 55 57 74 82 83 
58 5 7 34 34 8
65 64 80 78 76 119 17 
40 26 8 13 13 15
33 32 49 146 112 143 25 72 
24 70 14 15 15 11
2 5 137 76 50 51 80 64 65 124 49 32 114 130 
10 13 6 7 9 14
123 44 100 36 135 37 
58 42 6 40 40 12
65 60 140 115 52 131 
13 28 6 40 40 8
37 135 36 58 54 76 
66 30 7 29 29 9
145 39 128 27 9 74 82 
21 2 7 13 13 8
115 68 125 81 29 51 7 
13 35 8 37 39 10
113 35 36 58 54 119 17 16 
58 5 7 30 30 10
65 64 80 78 76 139 17 
40 71 6 1 17 33
132 1 15 77 69 134 
54 57 7 10 10 11
58 54 133 20 18 59 104 
66 61 9 36 36 9
145 39 138 73 27 106 110 56 28 
42 58 7 32 32 9
131 52 115 68 125 81 146 
27 66 6 30 30 10
21 22 98 79 95 3 
44 79 6 31 31 8
129 126 25 143 112 97 
55 66 6 28 28 8
57 55 48 128 39 3 
76 46 6 18 18 7
94 92 14 13 11 12 
78 70 5 5 6 9
51 47 32 33 130 
51 68 8 38 38 10
83 82 74 24 28 56 89 88 
49 39 5 34 34 8
147 107 121 28 101 
14 57 7 6 6 9
41 72 120 66 60 140 104 
18 26 6 39 39 8
51 80 81 97 19 71 
39 15 7 33 33 7
101 28 56 107 99 118 42 
52 47 7 35 35 9
39 128 27 85 63 84 82 
17 57 10 27 34 16
6 7 51 29 124 19 66 60 62 104 
57 28 6 11 11 7
104 59 18 20 139 76 
8 2 6 38 38 12
23 19 124 29 51 7 
70 58 5 12 12 8
102 114 32 49 97 
78 70 13 7 7 11
80 125 68 115 18 20 45 76 50 47 32 33 130 
15 9 7 35 35 8
42 103 147 107 121 86 26 
32 67 5 1 1 11
141 46 44 100 58 
9 15 8 20 20 7
26 87 105 110 56 85 73 42 
55 66 6 7 7 9
9 27 48 103 39 3 
14 72 6 19 19 7
41 79 98 22 21 75 
57 28 6 3 3 8
104 115 18 20 119 76 
49 39 5 40 40 7
118 73 9 24 101 
14 79 5 16 16 9
126 25 143 112 97 
57 44 10 12 12 9
104 68 125 81 146 112 120 72 126 40 
16 13 5 5 5 11
44 100 36 135 37 
63 10 6 17 17 7
116 34 90 141 46 123 
58 62 6 4 4 7
124 81 80 78 76 119 
56 11 5 40 40 8
116 15 1 130 114 
44 79 6 8 8 9
129 126 25 23 112 146 
42 1 11 37 37 8
53 52 115 62 61 71 112 97 81 125 127 
42 1 5 34 34 7
131 52 109 68 127 
8 2 6 11 11 8
23 112 146 29 51 7 
39 49 6 21 21 7
101 28 85 73 48 99 
2 8 15 1 1 8
6 47 51 78 76 133 20 18 115 140 60 66 120 72 25 
63 10 6 15 15 8
116 34 90 141 46 136 
51 66 8 30 30 10
83 82 74 9 73 118 39 145 
54 64 6 36 38 11
100 44 144 31 141 90 
29 70 13 16 17 12
125 68 62 60 65 146 29 51 7 6 32 114 130 
60 24 5 3 3 7
100 58 54 4 2 
8 18 6 39 39 7
23 112 146 29 78 50 
35 57 6 39 39 8
96 45 5 127 68 104 
8 28 18 26 26 8
23 120 61 62 109 18 20 45 4 2 125 64 65 124 49 47 51 78 
1 8 6 19 19 8
127 125 81 97 112 23 
18 21 6 31 31 8
50 78 80 67 68 115 
14 72 5 1 9 17
40 98 22 21 75 
78 70 7 2 3 8
78 50 7 6 32 33 102 
18 21 13 23 23 11
50 76 139 5 127 67 81 97 19 120 61 140 115 
44 43 6 6 6 10
79 95 39 103 48 106 
52 47 7 11 11 7
39 99 107 121 63 117 82 
23 5 7 29 29 7
64 67 127 5 137 96 16 
14 61 8 10 10 10
38 42 103 128 27 85 63 24 
66 58 11 15 15 8
145 95 25 143 120 61 140 68 125 81 97 
77 47 7 1 4 12
41 38 42 55 57 84 82 
9 15 8 23 23 10
26 86 121 108 106 99 118 42 
6 79 7 25 25 9
18 115 140 61 120 112 124 
48 66 5 8 9 10
85 27 147 39 145 
65 62 6 16 16 12
66 64 67 127 4 137 
8 2 8 9 9 10
25 72 120 112 97 29 51 7 
8 2 6 10 10 9
143 112 146 29 51 7 
66 55 6 1 1 11
145 39 138 73 85 63 
35 57 6 2 2 8
96 139 20 18 115 104 
59 66 9 33 33 10
87 86 63 9 27 48 138 39 3 
70 28 5 4 4 9
130 33 32 47 50 
77 47 7 37 37 8
79 129 38 43 83 117 74 
64 46 6 26 26 7
93 92 14 13 11 12 
21 8 5 32 32 10
109 140 61 120 23 
46 76 6 16 16 7
12 11 13 14 92 94 
76 46 6 23 23 9
94 92 14 13 122 12 
5 17 8 27 28 11
16 96 119 5 127 125 81 49 
70 58 5 10 11 10
130 114 32 49 124 
6 79 7 34 34 8
18 115 140 61 120 112 146 
55 77 5 13 13 7
117 83 43 38 41 
5 2 5 26 26 9
17 133 76 50 7 
77 31 10 34 34 12
79 40 38 42 138 128 27 9 63 86 
66 51 5 28 28 7
145 95 41 38 43 
57 8 5 8 9 9
104 140 60 66 143 
68 15 7 25 25 7
88 89 108 106 99 118 42 
46 64 6 15 15 9
12 122 13 14 92 93 
57 14 8 4 4 8
104 140 60 66 120 72 79 129 
76 46 6 19 19 9
94 92 14 13 11 12 
18 26 11 2 3 10
47 49 81 125 68 140 60 66 143 25 72 
14 29 6 26 26 8
41 25 143 112 97 81 
41 2 12 5 5 11
59 18 20 137 4 2 125 81 29 78 50 7 
10 76 5 1 10 22
31 91 90 93 94 
57 14 9 38 38 11
104 140 60 65 112 71 72 79 129 
8 80 11 12 12 7
25 41 38 42 138 147 106 108 121 63 9 
16 63 6 14 14 12
148 31 91 90 34 116 
46 64 6 14 14 12
12 122 13 14 92 93 
66 31 6 22 22 7
3 39 138 73 85 86 
39 49 6 30 30 10
101 24 57 55 48 147 
51 68 8 28 28 8
83 84 63 121 110 105 87 88 
8 21 5 12 12 9
143 66 60 140 59 
48 44 8 35 35 10
28 24 117 83 43 38 126 79 
67 57 5 14 14 8
54 4 2 68 104 
64 46 6 40 40 12
93 92 14 13 11 12 
8 75 9 30 30 7
23 71 72 41 38 42 103 99 107 
62 34 14 35 36 12
17 16 96 4 2 68 62 61 71 112 146 49 6 8 
46 64 6 24 24 9
12 122 13 14 92 93 
55 44 6 8 8 10
117 83 43 38 41 79 
2 23 4 23 23 6
7 51 80 64 
46 33 5 7 7 9
12 11 13 14 92 
41 5 4 32 32 9
59 18 20 17 
18 5 14 40 40 6
47 49 81 64 66 120 61 62 59 18 20 45 96 16 
58 21 6 25 25 8
97 81 64 60 62 109 
9 20 7 29 29 6
26 87 105 110 121 63 57 
43 30 7 15 15 10
106 147 103 55 57 74 82 
78 26 4 2 2 7
29 124 112 120 
10 67 4 6 6 6
148 44 100 58 
33 46 5 1 3 14
92 14 13 122 12 
66 15 5 14 14 7
145 95 79 40 38 
5 18 4 29 29 6
17 133 76 50 
43 66 4 40 40 6
106 147 39 3 
9 49 4 21 21 7
26 89 107 128 
43 30 4 38 38 7
110 121 63 117 
61 49 4 19 19 8
24 9 73 138 
65 66 4 8 8 6
120 72 95 3 
61 49 11 11 11 7
24 84 83 43 42 73 85 56 108 106 128 
1 2 7 37 37 7
5 137 76 78 29 49 6 
24 2 7 36 36 7
125 64 65 97 29 51 7 
54 24 4 27 28 8
58 54 4 2 
61 15 7 32 32 8
28 63 9 27 128 138 42 
43 47 6 23 23 6
105 87 89 56 63 74 
79 70 4 1 1 10
49 32 114 102 
79 21 6 28 30 8
146 112 120 61 140 109 
47 49 5 11 11 7
74 57 55 48 147 
66 65 4 21 21 11
3 95 72 120 
68 45 6 24 24 7
88 86 121 107 128 103 
51 39 4 23 23 9
83 117 24 101 
43 30 6 23 23 8
110 107 48 55 57 84 
51 43 5 38 38 6
43 42 138 99 106 
78 21 4 26 26 9
80 67 68 115 
15 66 4 24 24 8
42 138 39 3 
65 18 5 18 18 11
66 64 80 78 50 
32 54 5 17 17 7
91 31 30 44 100 
65 66 4 24 24 6
120 72 95 145 
15 61 4 34 34 7
43 83 84 24 
30 43 8 9 9 8
82 74 57 55 103 99 107 108 
65 2 5 19 19 6
19 124 29 51 7 
42 22 4 36 36 7
131 52 59 140 
65 28 4 15 15 6
19 146 29 78 
30 43 5 19 19 9
117 63 121 107 106 
37 64 5 17 17 7
122 10 14 92 93 
20 66 5 25 25 6
55 48 128 39 3 
33 46 5 25 25 7
92 14 13 122 12 
49 61 4 6 6 7
99 27 9 24 
43 47 4 1 1 7
106 27 9 74 
32 54 5 16 16 7
91 31 144 44 100 
22 62 6 22 22 6
60 64 67 127 4 45 
30 43 6 8 8 8
82 74 63 121 107 106 
41 5 5 40 40 7
68 127 4 137 17 
49 68 4 37 37 6
128 107 89 88 
22 62 5 18 18 7
140 68 127 4 119 
8 24 5 14 14 7
23 112 146 81 125 
5 18 9 27 28 7
17 20 18 115 68 67 80 78 50 
31 15 7 26 26 8
86 56 108 106 147 103 42 
32 54 5 39 39 9
91 31 123 44 100 
49 61 5 2 2 7
138 48 27 9 24 
49 30 4 8 8 7
138 73 9 84 
5 18 4 32 32 8
16 96 76 50 
62 2 4 6 6 7
45 76 50 7 
32 54 5 15 15 10
91 31 123 44 100 
32 54 5 23 24 9
141 31 30 44 100 
12 10 4 2 2 9
36 100 44 148 
61 15 4 1 1 7
24 117 83 43 
49 47 6 3 3 8
147 107 121 85 9 74 
39 59 6 1 19 27
101 28 86 89 110 105 
43 47 4 13 13 6
108 121 63 74 
22 66 6 36 36 9
60 66 23 25 95 3 
23 50 5 20 20 10
64 125 2 5 139 
30 43 8 6 6 7
84 63 85 73 138 128 107 108 
52 59 6 32 32 7
39 99 106 108 89 87 
22 18 5 18 18 9
60 65 97 29 51 
77 79 4 27 27 6
25 143 112 97 
46 33 5 21 22 9
12 122 13 14 92 
8 78 8 21 21 7
143 66 65 97 49 47 50 78 
24 8 5 24 24 6
67 64 65 19 143 
47 43 6 16 16 7
82 117 63 56 107 106 
46 33 5 8 8 7
12 11 13 14 92 
68 49 7 40 40 7
88 89 121 85 27 48 138 
78 8 4 3 3 7
29 146 112 23 
65 66 4 11 11 8
143 25 95 3 
9 49 5 30 31 11
26 89 108 106 128 
47 49 4 10 10 6
74 57 55 138 
47 68 7 22 22 9
74 63 121 110 105 87 88 
68 45 6 27 27 7
88 86 56 107 147 103 
21 35 4 12 14 10
18 20 119 96 
6 23 13 17 17 9
18 109 140 61 120 19 97 49 47 50 78 80 64 
65 21 4 14 14 7
66 60 140 59 
7 8 7 15 15 8
22 98 129 41 72 71 23 
52 48 5 10 10 8
39 147 106 108 56 
37 76 5 20 20 11
11 10 14 92 94 
54 24 5 26 26 7
58 54 137 5 127 
61 49 5 13 13 6
24 9 27 48 118 
51 43 11 19 19 6
83 82 74 57 55 118 147 27 85 56 108 
24 8 10 37 37 8
2 4 133 20 18 109 140 60 66 143 
17 1 4 34 34 6
49 81 67 2 
57 42 4 15 23 16
104 59 52 53 
20 44 10 24 24 6
55 48 27 9 117 83 43 38 41 79 
68 45 6 29 29 6
88 86 56 107 99 138 
66 15 5 40 40 6
145 95 79 129 38 
68 45 5 36 36 7
88 89 107 147 118 
49 47 6 4 4 10
147 107 121 85 9 74 
8 17 8 16 16 7
23 19 124 81 80 78 50 47 
47 49 8 14 14 6
74 9 85 121 108 106 48 103 
29 34 6 8 14 12
80 78 50 47 6 8 
41 35 5 33 33 9
109 18 20 119 96 
9 30 9 33 33 8
26 89 121 85 73 55 57 74 82 
68 30 5 20 20 7
88 86 63 74 82 
16 33 4 16 16 6
46 141 90 93 
58 44 6 19 19 6
65 66 71 72 126 40 
2 70 7 14 14 8
7 51 29 49 32 33 130 
26 7 7 14 14 11
120 143 25 126 129 98 22 
77 79 4 4 4 11
25 23 112 146 
54 24 4 13 13 9
58 54 4 2 
39 69 4 28 28 6
101 28 85 27 
68 49 9 34 34 6
88 87 105 108 56 85 73 48 99 
41 8 4 18 18 6
62 61 71 143 
36 65 5 28 28 6
98 129 126 25 23 
29 6 4 19 19 6
67 68 109 18 
22 66 4 16 16 7
61 72 95 145 
23 44 5 17 17 8
66 23 25 126 40 
21 35 5 6 6 7
115 68 2 4 96 
5 54 4 30 30 9
16 96 54 58 
18 5 5 25 25 7
51 78 76 96 16 
67 13 4 14 14 6
58 36 35 142 
23 62 6 23 23 7
60 62 68 2 4 137 
54 6 4 25 25 8
58 54 45 20 
15 66 4 31 31 6
42 138 39 145 
5 29 5 25 25 9
17 137 4 2 125 
67 10 4 4 4 7
58 100 44 144 
23 6 4 15 15 6
60 62 115 18 
23 6 4 24 24 7
60 140 109 18 
15 66 4 21 21 9
42 138 39 145 
78 8 5 36 36 9
80 81 124 19 143 
30 43 4 24 24 6
84 63 56 108 
23 62 5 21 21 6
64 125 127 4 137 
20 68 6 39 39 8
55 48 106 110 89 88 
9 39 5 36 37 11
26 86 63 24 101 
5 54 4 31 31 6
17 133 54 58 
59 15 6 37 37 6
105 110 121 85 73 42 
6 29 4 20 20 6
18 109 68 67 
49 61 4 23 23 8
138 73 85 28 
28 41 5 22 22 7
76 133 5 2 68 
57 42 4 35 35 7
104 109 52 131 
30 43 4 7 7 9
84 63 56 108 
72 44 4 21 21 6
75 21 22 98 
59 30 4 30 30 6
87 86 63 117 
59 30 6 36 36 7
105 108 121 85 9 117 
49 61 9 37 37 8
118 55 57 9 27 106 108 56 28 
46 33 5 6 6 7
12 11 13 14 92 
80 66 4 2 3 10
73 118 39 3 
9 39 5 22 22 8
26 89 56 28 101 
65 15 4 27 27 6
71 72 41 38 
49 47 5 35 35 9
99 48 55 57 74 
51 75 4 39 39 6
83 84 63 56 
44 69 5 19 19 9
129 38 42 103 128 
21 65 4 13 13 6
59 140 60 66 
54 32 5 20 22 10
100 44 148 31 141 
30 49 11 27 27 6
83 43 42 73 85 121 89 87 105 106 128 
66 15 4 9 9 10
3 95 41 38 
59 39 5 25 25 7
105 110 56 28 101 
23 14 4 5 5 6
66 120 72 41 
39 43 7 29 29 7
101 28 85 73 118 147 106 
9 47 11 40 40 6
26 86 56 107 99 103 42 43 83 117 74 
66 80 5 4 4 7
145 39 99 48 73 
42 62 7 24 24 9
53 52 115 68 2 4 119 
79 57 6 26 26 10
146 19 66 60 140 104 
66 65 4 37 37 7
3 95 72 120 
77 57 6 7 7 6
72 120 66 60 140 104 
61 15 4 4 4 6
24 117 83 43 
5 29 5 33 33 9
17 137 76 78 80 
43 30 4 5 5 9
106 27 9 117 
30 59 7 25 25 6
84 9 27 107 121 86 87 
1 2 6 24 24 7
5 139 76 78 51 7 
43 39 4 31 31 8
110 121 28 101 
67 41 5 6 6 7
54 119 20 18 59 
49 47 6 17 18 9
128 107 56 63 117 82 
49 30 5 15 15 6
99 107 121 63 84 
68 69 5 21 21 5
88 86 121 108 106 
23 17 3 33 33 5
65 146 49 
71 63 3 38 39 8
134 69 77 
32 60 4 32 32 5
91 31 148 44 
28 54 3 8 8 5
76 54 58 
47 39 4 32 32 6
82 84 24 101 
2 28 2 1 1 5
7 50 
63 64 2 1 8 11
116 34 
62 5 3 31 31 4
137 96 16 
41 67 5 4 4 6
115 18 20 45 54 
20 43 5 31 31 6
57 63 86 87 105 
70 11 2 4 6 8
102 114 
62 35 2 3 3 4
133 96 
2 58 3 4 4 6
6 49 97 
14 65 3 10 10 5
41 25 23 
73 10 2 3 5 7
46 148 
30 43 5 9 9 6
83 43 42 48 106 
71 63 3 18 33 21
70 69 77 
59 45 4 33 33 6
105 106 147 103 
13 54 3 1 1 7
113 35 36 
43 47 7 28 28 7
106 99 118 73 9 117 82 
15 44 3 15 15 6
38 126 79 
5 62 4 34 34 4
16 96 4 5 
57 23 3 5 5 6
104 140 60 
46 33 5 4 5 8
12 122 13 14 92 
64 10 4 35 35 8
90 91 46 30 
6 22 3 16 16 6
18 115 140 
65 28 5 24 24 7
112 146 49 47 50 
18 28 2 7 7 3
51 78 
43 68 3 35 35 6
105 87 88 
5 62 3 26 26 3
16 96 119 
75 68 2 26 26 4
89 88 
17 18 2 15 15 3
6 7 
24 62 3 2 2 4
2 4 137 
45 15 9 2 2 3
103 99 106 108 56 63 117 83 43 
10 32 3 11 11 5
144 46 91 
41 42 3 33 33 7
115 52 131 
10 54 3 18 18 5
148 44 100 
75 15 5 17 18 7
108 106 147 103 42 
73 64 2 34 34 4
91 90 
77 26 3 34 34 4
25 143 71 
6 41 2 18 18 4
18 115 
16 32 3 27 27 4
144 31 91 
72 36 3 12 12 5
111 21 22 
13 54 3 3 3 6
37 135 36 
28 54 3 2 2 6
76 54 58 
24 28 4 19 19 5
2 5 137 76 
69 61 5 8 8 6
99 103 55 57 24 
66 69 4 37 37 9
145 39 138 48 
73 54 4 19 19 8
31 123 44 100 
68 59 2 1 2 7
88 87 
48 75 5 31 31 3
85 73 118 147 107 
15 69 3 8 8 5
42 118 128 
22 21 2 19 19 5
140 115 
44 14 2 1 2 4
79 126 
17 58 2 32 32 5
49 97 
50 29 3 15 15 5
4 127 67 
80 69 3 25 25 3
73 103 147 
51 47 2 10 10 6
83 82 
28 79 3 25 25 6
50 47 49 
41 42 3 25 25 5
59 52 53 
49 30 4 9 9 8
138 73 9 84 
29 58 2 6 6 5
81 146 
27 36 2 13 13 4
21 22 
67 28 2 5 5 4
54 76 
54 32 4 14 14 6
100 44 46 141 
36 72 3 28 28 6
22 21 75 
18 58 3 8 8 6
51 29 97 
41 6 2 21 21 6
109 18 
35 29 4 4 4 9
96 4 2 125 
63 64 2 9 9 7
116 34 
71 63 3 34 35 7
134 69 77 
28 24 4 31 31 5
76 139 5 127 
36 72 3 32 32 9
22 21 111 
12 13 2 2 8 10
35 113 
9 15 7 28 28 8
26 86 56 107 147 138 42 
36 72 3 37 37 7
22 21 111 
70 11 2 1 1 4
130 33 
28 29 5 21 21 4
76 139 5 2 67 
60 10 2 3 3 6
44 136 
21 50 5 30 30 6
59 68 127 5 133 
11 70 2 2 2 6
114 130 
77 44 2 3 3 4
126 129 
20 49 3 31 31 4
55 48 99 
80 30 5 24 24 5
85 28 24 74 82 
53 37 3 9 9 7
14 10 122 
12 13 2 9 9 6
35 113 
39 30 4 26 27 6
101 24 74 82 
15 43 5 5 5 5
42 73 85 56 108 
66 44 4 7 7 6
145 95 41 129 
69 47 4 31 31 5
27 9 84 82 
50 24 2 20 20 5
4 127 
39 20 3 20 20 6
101 24 57 
66 14 3 4 4 5
3 95 126 
29 50 4 40 40 5
125 2 5 119 
16 32 3 18 18 4
136 31 141 
37 33 3 10 10 7
13 14 92 
26 8 2 28 28 5
71 143 
72 7 2 10 11 9
111 21 
24 1 6 35 35 3
125 80 78 76 137 5 
3 4 2 20 20 4
122 13 
65 77 2 26 26 6
71 72 
75 61 3 3 3 5
56 63 24 
44 26 2 28 28 5
79 72 
57 29 3 37 37 7
104 68 67 
48 61 2 9 9 4
63 24 
7 72 2 14 14 6
21 75 
80 15 3 16 16 4
27 48 42 
62 54 3 9 9 9
45 54 58 
7 72 2 15 15 5
21 75 
20 47 8 14 14 6
55 138 99 107 56 63 84 82 
68 9 2 3 3 4
88 26 
72 7 2 20 20 4
75 21 
58 1 4 24 24 6
124 81 125 127 
68 59 2 4 13 19
88 87 
78 24 2 40 40 4
80 67 
76 64 2 21 21 4
94 93 
30 48 6 10 10 5
84 9 73 48 107 121 
76 64 2 22 22 4
94 93 
61 15 4 12 12 7
24 117 83 43 
20 69 3 27 27 5
55 118 99 
51 55 2 3 3 6
83 117 
62 18 3 36 36 5
133 76 50 
52 14 2 22 22 6
95 41 
37 4 2 6 6 3
122 10 
10 64 4 39 39 7
148 46 141 90 
45 20 5 39 39 4
138 147 27 9 57 
43 75 3 24 24 3
105 87 89 
79 29 3 28 28 4
97 65 64 
77 8 3 33 33 4
72 120 143 
50 24 3 16 17 6
45 5 2 
63 71 3 36 36 5
77 69 134 
30 31 7 21 21 6
82 74 63 56 110 105 87 
7 72 2 26 26 4
21 111 
78 58 2 7 7 6
29 146 
12 13 2 1 2 5
135 142 
28 58 3 6 6 9
78 29 97 
12 13 2 15 17 7
35 142 
7 72 2 27 27 4
21 75 
43 49 6 7 7 7
106 107 121 85 73 138 
62 29 3 36 36 8
5 127 67 
79 1 5 35 35 5
124 65 64 67 127 
16 64 3 32 32 5
46 141 90 
44 65 4 30 30 5
40 126 25 143 
38 54 2 4 4 4
135 36 
3 4 2 9 9 4
11 13 
47 61 2 25 25 4
74 24 
55 69 4 38 38 4
9 73 118 147 
44 65 4 39 39 6
129 126 72 120 
80 69 2 32 32 4
73 48 
20 31 5 38 38 9
55 48 27 85 86 
54 13 3 6 6 6
36 135 37 
61 45 4 40 40 8
28 63 57 55 
62 28 2 10 10 5
45 76 
32 10 3 28 29 7
91 46 30 
30 20 2 21 21 4
84 57 
9 59 2 14 14 7
26 87 
64 76 2 25 25 5
93 94 
73 10 2 2 2 4
46 144 
49 15 2 13 13 6
138 42 
29 79 3 27 27 4
64 65 146 
2 58 4 12 12 5
7 51 29 124 
45 31 5 20 20 7
103 99 106 108 89 
70 11 2 10 10 4
102 33 
22 6 3 22 22 6
62 109 18 
79 24 2 10 11 8
81 125 
58 29 2 31 31 7
65 64 
2 79 3 4 4 4
7 51 29 
24 50 3 25 25 6
127 5 139 
68 9 2 15 19 8
88 26 
48 49 4 1 1 6
56 107 48 103 
69 20 2 29 29 6
48 55 
6 41 2 23 23 5
18 109 
20 30 2 27 27 5
57 117 
16 32 3 40 40 5
144 31 141 
12 13 2 10 10 5
135 142 
62 54 3 7 7 9
137 54 58 
13 54 3 32 33 10
142 135 36 
35 62 2 5 5 5
96 133 
20 61 2 22 22 7
57 24 
48 43 2 1 1 4
121 108 
11 70 2 3 3 6
114 130 
32 10 3 6 7 5
141 46 144 
43 61 3 30 30 8
110 121 28 
61 47 2 28 28 6
24 74 
24 78 2 6 6 5
125 80 
66 14 3 29 29 6
3 95 126 
44 15 3 11 11 4
79 41 38 
32 10 3 33 33 4
141 46 123 
1 35 2 7 7 7
4 96 
67 28 2 12 12 5
54 76 
43 80 3 16 16 5
108 121 85 
32 10 3 12 13 6
91 46 136 
26 14 2 34 34 5
72 126 
1 50 2 32 32 3
5 119 
43 49 3 3 3 4
106 48 138 
13 54 3 34 35 7
37 35 36 
31 75 2 39 39 3
86 121 
44 77 2 13 13 3
40 126 
75 45 4 17 17 5
121 85 27 48 
73 10 2 8 8 4
46 144 
45 43 3 22 22 4
48 107 108 
23 79 2 29 29 5
65 97 
77 14 2 5 5 3
79 129 
30 61 2 33 33 4
84 24 
32 10 3 9 9 4
141 46 30 
41 23 2 20 21 6
62 60 
49 45 2 36 36 4
99 48 
80 45 3 3 3 4
27 99 103 
21 24 2 1 1 6
59 68 
48 45 5 4 4 4
56 108 106 128 103 
63 64 2 10 12 6
116 34 
20 30 2 38 38 5
57 84 
75 9 2 34 34 5
89 26 
37 46 2 10 10 6
122 12 
49 75 3 24 24 6
99 106 110 
4 37 2 1 1 5
10 11 
49 15 2 22 22 6
103 42 
62 24 3 12 12 4
137 4 2 
49 45 2 12 12 4
128 48 
14 65 4 32 32 6
129 79 25 143 
57 21 2 40 40 5
104 109 
11 70 2 12 12 5
33 130 
69 45 2 5 5 3
99 138 
78 58 2 24 24 4
29 97 
25 63 2 37 37 6
69 77 
31 75 3 40 40 4
87 105 108 
80 45 2 18 18 3
27 48 
4 37 2 2 3 6
10 11 
18 29 2 2 2 6
51 80 
63 64 2 13 13 6
116 34 
44 14 2 9 9 4
79 126 
37 46 2 17 17 6
11 12 
66 14 4 10 10 6
3 95 79 40 
77 44 2 21 21 5
126 40 
35 28 2 9 9 4
96 76 
47 61 2 31 31 5
74 24 
43 80 3 32 32 6
110 121 85 
67 62 2 29 29 4
54 139 
32 10 3 30 30 7
91 46 148 
29 58 2 1 1 4
81 97 
70 11 2 7 7 5
102 114 
43 31 2 28 29 6
108 89 
21 24 2 4 4 6
59 68 
26 44 3 36 36 6
72 41 40 
43 49 2 22 22 5
106 99 
80 49 4 2 2 5
85 121 107 128 
15 49 2 29 29 6
42 103 
4 37 2 7 7 3
10 122 
67 35 2 1 1 6
54 96 
73 10 2 31 31 5
46 136 
44 77 2 33 33 4
40 41 
11 70 2 18 24 13
33 130 
70 11 2 11 11 4
102 33 
11 70 2 15 16 5
33 102 
26 14 2 14 14 5
72 41 
43 31 2 35 35 4
110 89 
69 75 3 30 30 4
27 85 56 
58 23 2 15 15 3
112 66 
54 62 3 11 11 7
58 54 45 
73 10 2 36 38 5
46 148 
69 75 2 34 34 3
106 110 
13 12 2 25 25 4
142 135 
4 37 2 4 5 4
10 11 
66 44 3 3 3 6
145 95 79 
55 47 2 22 22 3
84 82 
28 62 2 13 13 5
76 137 
43 55 4 15 15 6
108 56 85 9 
1 62 2 19 19 3
4 139 
42 41 3 26 26 7
131 52 59 
43 45 3 13 13 4
106 128 103 
49 55 3 35 35 6
138 73 9 
13 12 2 11 14 8
37 135 
14 66 3 25 25 7
41 95 145 
62 28 2 14 14 5
45 76 
28 29 2 29 29 5
78 80 
75 69 2 35 35 4
108 106 
23 24 2 33 33 5
64 67 
55 47 2 37 37 5
84 82 
77 14 2 27 27 3
79 40 
70 11 2 8 9 5
102 114 
80 69 3 24 24 5
73 118 147 
64 63 2 16 16 6
34 116 
37 4 2 8 8 3
122 10 
8 26 2 31 31 4
23 71 
49 69 2 15 15 4
138 48 
13 12 2 28 28 4
113 135 
29 18 2 3 3 6
80 51 
69 55 2 11 11 5
27 9 
13 12 2 26 28 7
37 35 
70 11 2 17 17 4
102 33 
12 13 2 18 18 4
35 113 
55 80 2 25 25 5
63 85 
66 77 2 2 2 6
145 95 
35 62 2 38 38 6
96 137 
26 14 2 20 20 4
72 41 
42 41 3 28 28 6
53 52 59 
45 69 2 1 1 5
118 147 
8 26 2 13 13 5
23 120 
12 13 2 19 21 6
35 113 
37 4 2 10 13 6
11 10 
11 70 2 13 13 6
114 130 
12 13 2 22 23 8
35 142 
47 55 2 40 40 4
82 84 
37 4 2 16 16 3
122 10 
62 28 2 16 17 5
133 76 
12 13 2 29 31 7
135 142 
70 11 2 25 26 8
130 33 
13 12 2 29 29 4
37 35 
21 24 2 5 5 4
115 68 
11 70 2 27 28 7
114 130 
4 37 2 18 19 4
10 122 
26 14 2 40 40 6
72 41 
35 62 2 8 8 4
96 45 
58 29 2 7 7 4
97 81 
28 29 2 32 32 4
78 80 
24 21 2 29 29 6
68 115 
75 45 3 26 26 4
121 85 73 
13 12 2 34 34 5
113 135 
4 37 2 26 26 3
10 122 
66 77 2 1 1 5
3 95 
12 13 2 35 35 7
135 113 
66 77 2 5 5 6
145 95 
61 30 2 7 7 4
24 117 
70 11 2 14 14 6
102 114 
80 75 2 18 18 6
85 121 
70 11 2 29 39 15
130 114 
13 12 2 24 24 5
113 35 
69 45 2 9 9 3
128 118 
13 12 2 30 30 4
113 35 
62 28 2 27 27 4
133 76 
37 4 2 40 40 3
122 10 
35 62 2 37 37 4
96 45 
4 37 2 14 14 4
10 11 
69 45 2 16 16 3
147 103 
28 62 2 28 28 6
76 139 
37 4 2 15 15 3
11 10 
62 1 2 33 33 4
45 4 
37 4 2 21 24 6
11 10 
45 69 2 37 37 4
103 99 
28 62 2 39 39 5
76 137 
12 13 2 31 31 4
35 113 
37 4 2 25 25 5
11 10 
69 45 2 36 36 3
128 103 
69 45 2 39 39 4
99 103 
45 69 2 23 23 4
103 147 
13 12 2 32 33 5
113 35 
69 45 2 14 14 4
147 118 
13 12 2 36 36 6
113 35 
69 45 2 10 10 4
99 118 
13 12 2 40 40 5
113 35 
12 13 2 37 37 4
135 142 
12 13 2 38 38 4
135 142 
12 13 2 39 39 5
135 37 
43 48 2 8 8 6
108 56 
37 4 2 27 34 10
11 10 
69 49 2 20 20 4
48 138 
4 37 2 35 39 8
10 11 
70
22
82 43 103 105 120 19 48 50 107 25 57 20 56 62 121 108 129 77 84 46 79 16 
17
95 40 137 56 34 48 29 16 127 115 81 83 82 25 73 125 59 
15
142 31 57 90 85 115 70 50 102 40 35 110 128 113 79 
19
17 77 67 116 124 9 89 99 64 37 68 128 42 87 47 82 125 4 111 
18
9 114 23 46 58 117 138 60 25 144 78 126 53 74 85 47 109 45 
20
67 103 24 50 125 137 131 65 31 7 97 121 122 76 47 11 48 64 86 33 
24
33 110 44 13 115 71 87 95 84 79 55 40 5 4 125 136 132 130 51 48 111 91 24 3 
18
141 33 84 3 125 119 86 80 67 130 110 102 83 139 39 124 16 134 
20
79 54 129 20 135 116 132 60 46 107 84 110 59 112 123 97 68 63 139 125 
25
137 129 63 46 61 1 33 71 143 10 76 25 37 9 40 125 102 145 59 99 146 124 139 91 89 
25
82 43 145 118 71 17 59 13 44 95 7 18 51 76 125 68 60 85 41 123 11 116 45 131 117 
21
34 87 77 80 82 28 6 73 2 112 39 35 124 113 67 102 42 20 13 84 91 
16
35 4 66 112 45 132 18 148 32 37 129 116 55 71 91 33 
15
34 125 127 11 29 65 119 47 57 112 48 70 17 80 145 
20
128 39 31 62 106 117 138 134 4 147 42 44 145 82 130 60 144 113 51 87 
20
139 32 135 108 102 119 28 80 131 27 77 127 40 23 107 110 138 45 89 25 
17
100 11 33 121 5 143 37 123 13 74 103 71 87 113 28 51 31 
25
147 85 95 15 82 41 71 13 48 128 123 78 43 30 7 56 3 113 67 130 37 16 124 84 11 
17
80 33 86 9 135 84 106 102 73 110 45 123 66 116 142 114 65 
21
106 40 35 71 6 18 143 27 50 74 129 127 137 3 30 57 24 109 89 105 133 
20
134 60 33 5 130 28 103 71 64 55 74 13 54 128 50 121 132 146 17 116 
20
112 133 100 11 59 128 111 139 78 3 46 85 116 67 19 71 25 130 61 2 
15
146 44 140 46 106 99 117 48 17 57 49 133 62 139 145 
15
15 31 81 41 68 95 55 70 106 85 120 43 62 80 18 
16
147 49 15 53 126 48 27 75 115 121 123 62 114 28 16 146 
24
55 143 58 23 35 109 42 126 78 132 48 4 86 31 77 148 103 144 61 11 40 83 64 71 
16
72 20 66 141 99 124 97 117 51 126 44 144 134 85 62 74 
16
10 50 146 109 40 41 137 127 23 45 132 9 29 18 6 130 
25
54 97 82 57 110 16 91 61 3 49 111 115 67 136 81 33 28 105 119 84 120 53 39 106 25 
18
100 116 38 74 51 81 110 48 102 76 99 19 140 85 13 130 97 4 
24
54 146 79 105 48 83 4 142 66 91 99 40 136 7 28 75 86 137 135 110 114 139 127 134 
25
114 48 42 58 139 28 57 13 116 78 31 112 41 134 113 86 106 76 16 45 123 107 18 47 141 
24
87 123 66 144 7 15 102 109 62 85 136 122 96 135 50 2 76 67 28 126 148 53 113 11 
17
7 119 110 13 135 125 85 83 1 41 133 147 56 111 38 65 57 
18
97 110 35 46 121 19 34 132 124 5 13 78 134 63 23 147 148 2 
17
115 126 15 125 28 140 130 65 47 106 5 144 110 9 59 116 113 
22
3 96 49 146 81 105 4 38 110 58 60 33 31 19 107 99 24 65 53 136 129 84 
18
145 7 125 10 57 79 73 51 82 128 66 32 77 59 119 9 40 38 
23
121 16 10 78 134 33 89 130 84 18 55 131 3 25 47 114 64 120 71 40 65 6 136 
21
70 43 123 90 27 87 13 89 19 9 136 138 16 18 106 133 39 60 53 124 74 
18
105 25 63 140 135 142 19 29 32 27 137 125 112 106 147 102 38 89 
19
86 90 77 124 115 71 17 51 5 89 127 23 7 107 142 64 80 137 134 
20
145 30 32 65 112 46 73 7 142 81 20 141 74 2 85 146 55 39 48 60 
24
137 45 77 131 96 81 25 138 28 89 66 140 56 23 78 97 18 5 145 31 9 114 19 1 
20
86 47 70 65 13 56 116 1 2 81 131 139 107 113 40 118 38 19 57 142 
23
133 38 23 59 119 20 114 48 129 32 71 41 132 115 140 42 77 16 97 143 73 51 67 
18
125 57 117 114 147 13 119 97 142 109 70 121 146 71 115 67 7 58 
15
39 40 118 41 23 119 54 85 28 46 99 106 136 17 139 
24
43 90 51 59 78 117 140 76 62 118 28 82 38 124 48 13 55 65 115 19 144 16 66 143 
19
51 3 7 49 30 75 53 60 139 58 4 110 85 128 71 27 40 146 113 
20
51 134 61 80 147 74 64 43 34 108 24 120 96 142 6 124 125 30 18 135 
17
11 16 19 110 129 27 140 68 62 123 91 57 65 32 67 122 134 
22
50 107 42 33 71 95 35 113 70 142 56 89 121 49 68 129 99 132 45 72 87 126 
23
77 60 82 35 138 46 99 64 63 45 119 140 37 142 75 143 3 100 115 9 84 102 117 
18
3 60 114 147 7 57 121 144 39 10 64 70 122 123 115 62 46 25 
23
96 55 63 135 72 141 48 97 106 73 125 60 137 37 81 28 45 1 131 6 42 121 59 
21
115 37 132 134 136 140 146 54 53 28 147 87 89 30 80 129 51 116 122 119 61 
25
49 105 102 74 125 13 25 29 86 4 3 97 9 73 116 122 148 2 54 99 51 143 137 75 16 
20
37 44 136 108 146 139 118 142 41 133 11 40 77 33 106 55 64 61 76 103 
18
133 1 142 51 56 126 127 102 43 123 86 23 68 4 59 55 132 48 
22
137 95 42 119 3 139 72 131 138 66 41 10 73 114 108 48 112 27 97 105 147 127 
15
79 44 18 91 114 76 43 45 122 5 102 63 125 67 28 
21
10 20 56 131 145 126 43 125 41 44 42 61 87 67 111 74 114 81 49 85 60 
24
128 113 132 61 39 121 135 125 13 50 16 86 11 60 55 44 30 73 110 108 124 9 28 84 
23
71 25 123 16 64 42 55 79 43 128 132 49 142 24 40 77 13 122 143 46 137 73 60 
17
100 117 122 23 55 4 25 74 84 103 95 132 144 10 40 138 108 
18
27 143 41 130 47 140 62 2 138 122 147 142 30 34 50 73 17 103 
18
24 103 33 86 79 10 72 148 30 6 65 31 96 85 41 112 44 139 
17
111 138 5 54 51 143 109 87 48 4 60 144 106 72 65 129 147 
25
18 37 71 55 34 2 136 120 87 43 28 6 40 140 51 72 103 62 106 4 121 46 139 109 35 
