130 220
3 0 0 0 0 0 12 0 0 0 0 0 0 0 0 0 0 0 0 0 0 0 3 0 0 0 0 0 0 0 0 0 0 0 0 3 13 0 0 5 0 5 7 0 10 0 0 0 1 10 0 0 0 12 0 0 0 0 0 0 0 8 0 0 0 0 0 0 12 0 12 14 0 8 0 14 0 5 0 0 0 0 0 0 0 0 0 3 0 11 0 0 0 0 12 0 0 8 0 15 0 0 3 0 0 0 10 2 0 2 0 0 1 0 0 0 14 0 3 9 0 10 0 0 0 0 10 9 0 10
1 4
1 35
1 82
89 120
2 28
2 35
2 40
2 74
2 84
117 127
3 77
4 11
4 35
4 116
4 117
5 95
5 97
6 12
6 46
87 102
6 77
7 8
99 116
113 118
7 107
7 119
8 81
8 90
8 107
9 97
93 111
10 49
10 56
10 79
10 100
11 93
83 127
12 19
13 33
13 39
13 48
13 72
14 30
14 55
79 126
15 103
15 122
16 39
16 72
16 105
17 32
84 104
17 92
17 120
17 126
18 27
18 38
82 93
18 103
19 20
19 27
19 50
19 114
95 104
20 45
20 106
21 22
21 26
21 43
22 26
22 43
22 99
22 116
23 27
23 45
113 124
24 27
24 114
88 120
80 121
25 79
80 123
25 126
26 69
85 123
28 74
29 88
29 89
29 106
114 128
29 130
30 62
94 107
31 73
31 102
31 112
32 41
32 92
32 120
33 36
33 48
101 109
34 42
34 66
34 96
34 111
35 40
79 92
35 129
36 107
36 119
37 43
37 83
37 88
38 91
38 103
39 94
40 44
83 116
40 129
81 118
41 92
41 119
42 52
42 54
97 125
43 83
44 70
44 74
109 113
45 106
46 50
46 59
46 110
47 61
47 76
47 105
48 51
48 86
49 87
49 101
81 109
91 122
50 130
51 86
51 89
51 120
52 54
52 121
52 122
53 63
102 115
84 98
53 111
54 93
55 65
55 85
56 90
56 101
57 67
57 113
57 124
58 108
58 127
59 61
82 111
60 97
60 98
60 125
100 119
61 86
62 128
63 82
63 125
64 108
64 117
64 127
64 129
65 85
65 91
66 80
66 96
66 121
67 73
67 124
68 71
68 81
69 103
70 108
70 112
70 115
98 104
72 105
73 87
74 78
75 95
75 104
76 77
76 110
78 112
16 105
56 101
10 100
39 94
53 111
89 120
2 40
16 105
17 126
2 35
22 116
48 51
60 97
1 35
2 74
12 19
4 11
24 27
82 111
28 74
848
110 44 25 21 21 10
134 133 165 135 136 198 21 18 216 62 144 91 87 114 113 127 69 67 211 14 15 176 175 189 128 
70 39 18 35 35 9
128 129 195 200 96 95 20 194 184 185 162 161 130 142 27 29 93 117 
6 49 16 39 39 7
19 133 165 135 137 50 49 42 39 100 111 170 35 33 202 141 
48 98 20 40 40 7
41 39 100 111 170 203 33 202 141 140 20 152 191 190 200 195 220 5 9 153 
125 97 2 8 8 2
169 213 
18 75 16 1 1 7
59 46 47 150 148 155 31 205 151 174 169 167 17 16 64 197 
69 31 11 17 19 19
84 68 67 211 14 13 6 8 195 200 96 
117 113 11 33 33 8
176 175 189 191 152 95 94 184 185 162 161 
97 73 14 11 11 8
213 169 174 173 3 214 109 120 118 128 191 152 95 94 
79 114 13 20 21 13
81 83 55 51 99 206 88 89 131 75 74 218 78 
7 26 14 34 34 8
25 110 100 39 41 138 147 79 114 113 119 23 72 70 
129 33 11 39 39 7
109 13 15 10 37 113 114 79 147 212 101 
13 114 19 5 15 41
41 212 145 171 165 133 19 18 38 62 144 91 89 66 65 75 74 218 78 
44 80 11 8 8 7
129 86 5 6 214 3 166 106 105 182 181 
23 117 47 36 37 10
74 61 38 18 21 198 199 134 133 165 171 145 212 101 39 42 193 201 48 117 93 25 26 170 203 32 141 102 130 161 162 185 184 194 20 152 191 128 118 207 210 109 178 175 163 164 10 
95 42 13 7 9 16
196 197 52 153 168 167 126 174 151 154 31 155 125 
53 112 16 5 9 22
205 219 58 36 217 14 211 71 112 113 37 10 176 175 189 190 
2 28 2 35 35 2
215 220 
74 40 2 14 14 2
129 118 
40 100 8 7 7 7
118 128 191 152 20 140 32 35 
48 24 12 23 33 38
212 147 4 88 91 144 132 19 18 38 61 218 
22 6 10 22 22 7
72 23 119 113 114 87 91 144 132 19 
117 10 15 30 32 13
176 175 189 191 152 20 140 141 159 158 28 22 26 170 35 
120 71 10 40 40 7
54 51 98 122 123 26 22 27 187 186 
115 26 8 24 25 11
191 189 163 164 37 119 211 70 
87 72 14 35 35 6
140 141 159 158 28 22 25 110 100 39 40 48 201 193 
112 9 9 11 11 6
200 195 220 5 9 153 168 167 30 
99 116 2 38 38 2
72 73 
125 115 10 1 1 7
126 213 168 192 52 9 7 118 128 191 
108 53 8 22 27 24
175 176 15 13 2 3 219 205 
83 6 16 4 4 6
113 114 79 4 146 145 139 41 42 49 201 137 135 165 133 19 
16 10 11 34 34 5
49 42 40 204 93 29 28 158 202 141 32 
127 18 8 4 4 6
37 127 71 67 68 84 188 59 
98 21 20 34 37 16
168 213 17 16 64 52 9 6 214 3 166 31 36 217 15 176 177 37 127 69 
67 41 13 14 14 6
185 162 161 24 121 142 102 202 158 28 22 26 123 
115 60 14 21 21 6
191 190 200 195 129 118 207 9 153 192 64 16 17 167 
44 35 2 32 32 2
118 107 
102 120 8 4 4 5
20 140 32 34 108 98 51 54 
112 22 8 34 34 5
200 195 8 207 107 13 14 211 
106 108 7 28 30 13
89 87 114 113 37 164 163 
79 47 33 22 33 42
34 33 202 102 130 24 121 27 29 93 204 48 201 193 42 41 101 100 111 123 122 53 51 99 206 146 145 171 165 133 134 199 136 
58 86 26 20 20 5
163 175 177 37 119 23 72 71 112 114 79 4 146 212 101 39 42 49 208 137 136 199 134 133 165 171 
43 78 8 30 31 10
127 119 14 1 214 210 215 195 
43 12 10 36 36 6
112 114 79 147 146 88 91 144 62 216 
42 98 9 14 14 5
125 155 31 219 3 214 6 9 153 
107 73 7 22 22 5
25 26 170 35 32 140 194 
115 21 32 38 39 9
152 20 140 32 34 108 122 123 26 22 27 121 24 76 162 160 184 94 96 190 128 129 220 5 7 107 2 1 14 119 127 69 
67 41 11 12 12 5
185 162 161 130 102 202 158 28 22 26 123 
42 28 15 3 3 5
103 106 219 3 214 107 120 178 175 189 190 200 195 8 5 
13 71 7 14 14 6
40 117 93 29 27 187 186 
12 33 10 38 38 6
18 19 132 144 91 88 206 147 212 101 
43 23 33 22 40 49
71 67 68 84 188 46 47 150 124 125 155 58 173 151 154 106 104 183 80 82 85 179 180 115 57 56 77 78 63 60 66 131 75 
85 114 6 36 36 6
157 44 43 92 172 90 
116 86 10 14 15 8
23 72 71 112 114 79 206 146 138 139 
47 7 8 15 15 5
137 201 49 42 40 117 93 25 
57 100 6 12 12 5
160 184 194 140 32 35 
95 98 2 9 9 2
64 192 
3 23 6 22 22 5
11 21 18 216 61 74 
102 7 6 25 25 5
20 140 32 35 170 26 
57 44 7 10 10 5
160 184 194 20 152 191 128 
72 50 7 8 8 5
49 50 137 136 199 134 132 
18 37 7 20 20 6
59 188 84 68 69 127 113 
37 36 8 37 37 5
114 79 54 53 98 97 123 111 
13 94 2 11 11 2
40 204 
109 32 11 34 34 6
102 159 33 35 170 123 122 108 45 55 51 
11 112 7 4 4 5
12 15 10 177 175 189 190 
12 50 2 28 33 8
216 62 
1 102 7 3 3 6
2 210 7 118 128 191 152 
112 82 6 12 13 8
200 195 8 6 214 3 
35 11 2 36 36 2
13 12 
45 13 9 16 18 14
131 89 87 79 206 146 212 101 39 
36 73 9 23 23 5
110 25 22 28 158 159 141 140 194 
126 21 7 32 33 10
209 54 79 114 113 127 69 
26 108 8 16 16 5
68 69 71 73 119 37 164 163 
108 26 6 32 32 5
163 164 37 119 73 70 
32 73 6 2 2 6
98 108 34 32 140 194 
85 19 23 1 4 15
179 156 44 43 92 172 90 78 218 74 75 65 66 89 91 144 132 134 199 198 21 18 216 
48 49 14 1 3 11
41 42 193 50 48 117 93 110 111 170 35 33 159 141 
41 17 3 34 34 2
97 98 53 
94 79 17 5 9 16
117 48 201 193 42 39 101 138 146 206 99 97 122 53 209 83 81 
97 78 11 20 20 5
17 16 196 197 52 9 8 129 128 190 200 
35 80 7 9 9 6
214 3 166 106 105 182 181 
21 74 11 21 21 6
68 70 73 119 37 177 178 109 210 5 220 
112 100 21 3 3 6
96 95 20 194 184 185 76 24 121 142 102 202 158 28 22 26 123 122 108 34 203 
38 96 6 3 3 6
115 143 150 149 183 182 
44 26 10 16 16 6
128 190 200 195 8 6 13 14 211 70 
127 98 16 5 6 10
177 178 109 214 3 166 154 151 174 169 167 17 16 64 52 153 
7 73 6 24 24 5
26 170 203 32 140 194 
108 26 6 23 23 6
163 164 37 119 211 70 
51 117 7 38 38 6
146 4 79 114 113 37 10 
67 71 7 9 9 5
185 162 161 130 142 187 186 
8 102 6 27 27 6
28 158 159 141 140 20 
53 74 6 38 38 5
205 219 3 214 6 215 
119 124 8 4 4 6
26 25 29 27 142 130 161 162 
68 41 6 18 18 5
187 27 29 110 111 123 
29 25 5 15 15 5
88 4 54 209 83 
2 44 2 18 18 2
207 118 
124 115 5 34 34 4
185 184 94 95 152 
72 105 2 29 30 2
49 50 
4 115 7 38 38 5
15 176 177 164 163 189 191 
16 3 5 13 13 4
208 137 136 198 11 
58 26 7 11 11 4
164 10 15 14 23 72 70 
69 20 6 1 1 4
188 116 57 56 61 60 
127 28 7 30 30 5
177 178 109 107 7 8 220 
6 16 5 10 10 4
21 198 136 137 201 
117 102 10 13 13 4
176 178 109 210 5 220 129 128 191 152 
86 3 14 35 35 4
145 138 41 42 49 50 137 135 165 133 134 199 198 11 
81 73 5 5 5 5
142 130 76 185 184 
117 11 2 19 19 2
15 12 
99 108 7 10 10 4
72 71 112 113 37 177 175 
118 10 5 17 17 4
24 130 102 141 32 
105 7 5 39 39 5
201 48 204 93 25 
29 79 5 8 9 7
87 79 54 55 45 
71 57 5 34 34 4
186 187 121 24 161 
58 26 5 27 27 4
164 37 119 211 70 
42 55 6 1 2 8
124 149 80 82 85 157 
7 57 8 10 11 8
22 28 158 202 102 130 76 162 
36 71 13 20 20 5
111 26 25 29 28 158 33 32 141 102 142 187 186 
109 31 7 2 2 4
142 121 24 76 185 184 94 
20 3 5 20 20 5
60 216 18 21 11 
63 28 10 3 3 4
174 126 17 16 196 197 52 9 215 86 
49 33 7 19 19 4
32 33 158 28 29 110 100 
124 7 10 40 40 5
76 24 121 142 102 159 158 28 29 25 
118 100 11 8 8 4
24 161 162 185 184 94 95 20 140 32 35 
11 117 2 17 17 2
12 15 
117 11 2 18 18 2
15 12 
73 28 5 9 9 4
94 96 200 195 86 
92 106 6 19 19 5
98 51 54 4 88 89 
130 126 9 18 18 5
91 88 4 54 51 98 108 81 83 
89 6 7 1 2 7
146 212 139 171 165 133 19 
115 57 7 16 29 30
152 95 94 184 185 76 161 
99 28 9 40 40 4
23 119 37 177 178 109 6 8 86 
81 73 6 15 15 4
121 24 161 162 185 184 
88 7 7 1 1 4
87 88 206 99 97 123 26 
45 77 6 19 19 4
131 66 60 38 18 21 
75 44 6 19 19 5
197 192 153 9 207 118 
130 3 28 16 19 13
144 132 133 165 171 139 138 147 99 97 122 53 209 45 34 203 170 26 25 93 117 40 42 193 137 136 198 11 
105 50 5 5 5 4
137 136 199 134 132 
107 124 6 9 9 5
25 22 27 121 24 76 
16 6 5 6 6 5
208 137 136 198 21 
99 18 8 10 10 5
23 119 127 69 68 84 188 59 
6 72 6 7 7 5
21 198 136 137 208 49 
94 76 5 14 14 5
204 48 201 137 136 
83 22 2 8 9 4
119 73 
108 84 7 7 8 8
163 164 177 178 120 7 9 
80 63 9 2 2 4
181 104 103 125 155 58 219 205 151 
12 88 5 37 37 4
216 62 144 91 87 
116 18 6 5 5 5
73 67 68 84 188 59 
17 101 6 36 36 5
55 83 81 34 33 159 
111 28 6 28 28 4
219 3 2 210 8 220 
101 94 9 38 38 5
202 33 35 170 111 100 39 40 204 
100 113 7 18 18 5
35 33 159 102 142 121 24 
98 95 2 31 31 2
192 64 
15 114 6 4 4 5
46 116 57 56 61 63 
37 116 2 2 2 2
113 119 
33 49 11 4 4 4
39 40 117 93 110 111 170 203 33 159 141 
18 99 6 6 6 4
59 188 84 70 73 23 
109 33 5 36 37 8
142 27 29 110 100 
23 77 5 35 35 4
74 61 216 18 21 
29 79 5 7 7 5
88 4 54 55 45 
122 121 2 18 18 2
150 149 
130 13 8 19 19 5
91 87 79 206 146 212 101 39 
10 57 5 14 14 4
32 140 194 184 160 
89 116 6 11 11 4
206 79 114 112 71 73 
120 26 6 35 35 4
79 114 113 119 211 70 
89 6 5 35 35 5
88 91 144 132 19 
21 129 7 2 2 5
68 70 71 127 37 177 178 
53 129 7 30 31 9
205 219 3 2 6 207 120 
43 18 8 14 14 5
127 119 211 67 68 84 188 59 
87 17 5 10 10 5
140 32 34 108 53 
4 115 5 28 28 5
15 176 175 189 191 
99 116 2 29 30 2
72 73 
127 106 5 31 31 5
37 113 114 87 89 
99 18 5 7 7 5
72 70 84 188 59 
54 55 23 5 21 37
148 124 103 104 183 80 82 85 179 180 143 47 46 116 57 56 61 63 90 172 92 43 44 
130 3 6 39 40 7
144 62 216 18 21 11 
64 63 5 15 15 5
178 109 214 3 173 
33 49 7 5 11 20
100 111 170 203 33 159 141 
86 79 5 21 21 4
145 147 54 209 45 
21 129 6 28 28 5
69 127 119 14 13 109 
41 79 3 28 29 4
97 98 108 
4 115 10 1 1 4
15 176 177 164 163 189 190 96 95 152 
105 7 7 14 14 5
50 49 42 39 100 110 25 
2 53 8 28 28 5
7 107 214 1 217 36 31 205 
127 78 6 23 25 11
177 178 109 6 8 195 
90 102 8 33 33 5
28 22 26 170 35 32 140 20 
92 94 8 1 1 4
53 54 147 138 101 39 40 204 
53 116 6 1 1 4
154 166 58 36 12 14 
60 78 13 22 33 27
213 17 16 196 197 52 9 5 86 129 128 190 200 
25 7 8 35 35 5
83 55 53 108 34 203 170 26 
63 97 2 33 33 2
174 126 
72 7 5 38 38 4
49 48 117 93 25 
45 77 5 16 17 7
65 60 38 18 21 
5 93 7 4 4 5
17 167 169 174 173 166 31 
90 124 5 8 8 5
158 202 102 130 76 
6 88 5 20 20 4
19 132 144 91 87 
79 33 5 12 12 4
34 203 170 111 100 
101 32 6 21 21 4
141 32 34 108 122 97 
27 76 9 18 18 4
74 75 65 60 38 18 19 134 199 
21 129 6 19 19 4
69 127 37 10 176 178 
78 11 7 37 37 4
195 220 5 7 107 13 12 
73 28 8 4 4 4
94 95 152 191 128 118 7 5 
44 63 11 11 11 4
129 8 210 2 1 12 36 58 219 154 151 
101 36 6 25 26 9
159 158 28 22 25 110 
99 28 12 33 33 5
23 14 217 36 31 219 3 214 107 207 8 220 
100 51 6 5 5 5
35 34 45 55 54 147 
83 115 5 22 22 5
37 164 163 189 191 
3 86 7 38 38 5
11 198 199 134 133 165 171 
41 61 7 35 35 4
122 98 99 147 212 139 171 
19 65 5 2 2 5
61 56 57 115 180 
74 127 8 10 10 4
129 118 207 210 109 178 176 10 
31 117 7 8 8 4
96 200 195 8 210 13 15 
21 89 5 12 12 5
69 112 114 87 88 
52 117 10 4 4 5
148 155 58 3 214 210 207 120 178 176 
56 71 5 38 39 9
159 102 142 187 186 
92 106 5 39 39 5
98 99 4 88 89 
40 87 8 5 6 9
7 5 220 195 200 96 95 20 
116 18 7 15 15 5
119 127 69 68 84 188 59 
93 82 2 38 38 2
31 166 
43 18 9 12 12 4
127 119 23 72 67 68 84 188 59 
95 44 6 17 17 5
64 192 153 9 207 118 
73 92 8 6 6 4
194 140 32 34 45 55 51 98 
28 83 6 4 4 5
86 8 6 13 14 119 
10 13 5 15 15 5
203 170 111 100 39 
117 44 6 29 29 4
10 177 178 109 107 118 
117 44 5 20 20 4
15 13 109 120 118 
50 3 5 14 15 6
132 134 199 198 11 
44 11 5 2 2 4
129 215 6 13 12 
115 117 5 16 16 5
191 189 175 177 10 
29 21 5 23 27 11
87 114 113 127 69 
124 102 4 40 40 4
185 184 94 95 
84 9 4 4 4 5
153 168 213 30 
71 7 5 3 3 5
186 187 27 29 25 
79 88 5 13 13 4
108 122 97 99 79 
54 35 5 19 19 4
155 31 219 3 214 
108 87 12 2 2 4
189 128 118 107 210 5 220 195 200 96 95 20 
26 35 4 12 14 10
70 73 14 13 
72 105 2 1 1 2
49 208 
14 114 4 22 34 25
43 92 172 90 
64 28 5 32 32 5
178 120 207 8 220 
13 32 5 37 37 5
41 138 146 4 99 
78 129 4 14 14 4
195 8 207 120 
75 9 6 40 40 4
196 64 192 168 213 30 
86 94 6 2 2 4
145 138 101 39 40 204 
125 35 4 2 2 4
174 173 3 2 
2 63 4 20 20 5
210 214 3 173 
129 99 6 2 2 5
109 214 1 14 73 72 
63 42 5 21 21 5
173 219 31 155 125 
47 50 4 11 11 4
136 199 134 132 
81 33 5 21 21 4
27 22 25 110 100 
82 83 10 3 3 4
58 36 12 14 23 72 67 69 112 113 
35 125 4 10 10 5
214 3 173 174 
49 36 6 14 14 4
141 159 33 203 170 111 
98 97 2 13 13 2
168 167 
71 7 5 1 2 6
186 187 27 29 25 
90 41 4 13 13 4
28 22 26 123 
8 13 4 9 9 4
29 93 204 40 
58 31 4 34 34 4
163 189 190 96 
32 106 4 34 34 4
99 4 88 89 
25 17 2 37 37 2
83 55 
113 87 4 15 15 5
130 102 141 140 
49 36 7 24 24 4
141 159 158 28 22 25 110 
115 117 4 39 39 5
191 189 175 176 
56 36 4 39 39 4
158 28 29 110 
11 28 5 7 7 5
12 1 2 6 5 
92 29 5 2 2 5
122 97 99 4 88 
44 11 5 9 9 4
118 7 210 13 12 
81 100 5 16 17 6
27 28 158 33 35 
104 9 4 38 38 5
192 168 167 30 
100 102 4 28 28 5
35 32 140 20 
25 88 6 14 14 5
83 209 54 4 88 87 
48 106 5 22 22 4
212 147 4 88 89 
58 40 11 17 19 9
164 177 175 189 128 129 220 5 210 109 120 
104 63 4 22 23 6
192 168 169 174 
100 102 9 29 29 4
170 26 22 28 158 159 141 140 20 
36 56 4 38 38 4
110 29 28 158 
17 25 2 11 11 2
55 83 
4 78 9 32 32 5
217 36 31 166 3 214 210 215 195 
70 84 4 9 9 5
128 129 215 9 
104 95 2 38 38 2
197 196 
89 25 5 3 3 5
206 54 55 45 81 
63 95 5 40 40 4
174 169 167 17 16 
88 79 4 30 30 4
79 54 55 45 
84 9 5 31 31 4
153 168 169 126 30 
10 31 4 5 5 4
32 140 194 94 
44 11 5 26 26 4
118 107 214 1 217 
64 88 6 17 17 5
176 10 37 127 112 114 
56 73 4 18 18 4
202 141 140 194 
37 43 4 1 1 2
113 119 73 71 
25 88 5 24 24 5
81 45 55 54 79 
21 116 2 15 15 2
67 211 
11 28 6 11 11 4
217 13 107 207 215 86 
82 74 4 21 21 4
3 214 6 8 
63 129 4 7 7 5
173 3 214 109 
95 98 2 24 26 5
64 192 
13 94 2 37 37 2
40 204 
129 99 6 35 35 5
109 2 1 14 73 72 
104 9 4 8 8 4
64 16 17 30 
113 90 4 13 13 5
130 102 202 158 
61 51 2 34 34 2
171 145 
75 125 4 12 13 6
196 16 17 126 
88 79 5 23 23 4
79 54 55 83 81 
64 28 11 29 29 4
176 15 217 36 31 166 3 2 210 215 220 
126 79 2 4 4 2
83 81 
84 9 4 33 33 4
153 168 167 30 
101 7 4 36 36 5
202 158 28 22 
79 88 4 31 31 4
45 55 54 79 
50 12 2 38 38 2
62 38 
127 82 6 30 30 4
10 15 217 36 31 166 
84 9 4 24 25 7
153 168 167 30 
26 88 6 18 18 4
70 72 23 119 113 114 
88 61 5 40 40 4
79 206 146 145 171 
44 117 7 22 22 5
118 7 6 109 178 177 10 
37 86 5 3 3 4
114 79 147 138 139 
90 41 4 7 7 4
28 22 26 123 
52 63 5 4 4 5
124 103 106 154 151 
105 72 2 22 23 2
50 49 
21 11 4 20 20 4
67 73 14 12 
98 84 2 11 11 2
192 52 
49 17 4 40 40 4
32 34 45 209 
101 7 4 37 37 5
202 158 28 22 
65 62 4 39 39 5
156 44 43 92 
88 79 4 28 29 6
79 54 55 45 
104 9 4 7 7 5
64 16 17 30 
2 129 2 23 23 2
7 120 
112 117 4 11 11 5
190 189 175 176 
56 73 4 19 19 5
202 141 140 194 
129 98 4 38 38 4
109 210 9 153 
127 112 4 15 15 5
164 163 189 190 
57 112 4 31 32 6
160 184 94 96 
4 104 4 15 15 4
13 6 9 52 
117 74 5 10 10 5
15 13 6 5 220 
80 82 5 7 7 5
181 182 105 106 166 
47 94 8 3 3 5
135 171 145 212 101 39 40 204 
9 84 5 32 32 4
30 126 169 168 153 
108 11 5 3 3 5
163 164 10 15 217 
25 51 6 3 3 5
83 209 51 99 4 146 
41 56 5 2 2 5
123 26 22 28 158 
25 88 5 25 26 6
81 45 209 54 79 
92 101 8 15 15 5
98 97 123 26 22 28 158 202 
37 129 4 11 11 5
113 37 177 178 
36 109 5 34 34 4
111 26 22 27 142 
12 47 4 34 34 4
18 21 198 136 
91 26 5 2 2 5
143 47 46 188 84 
25 17 2 30 31 5
83 209 
107 10 4 28 28 4
25 26 170 203 
86 41 5 40 40 5
139 138 147 99 97 
81 67 4 13 13 4
121 24 161 160 
130 32 9 16 17 6
91 88 4 54 55 83 81 108 98 
17 49 4 13 13 5
209 45 34 32 
73 109 4 7 7 4
184 160 161 130 
29 21 5 13 13 5
87 114 112 71 67 
122 121 2 16 17 5
150 149 
121 55 4 3 4 6
80 82 85 157 
49 8 5 27 27 5
32 35 170 26 22 
44 87 4 14 14 5
128 191 152 20 
44 117 5 28 28 5
118 120 178 177 10 
108 28 6 38 38 5
175 178 120 207 8 86 
64 74 5 14 14 5
178 109 210 5 220 
101 7 7 13 13 5
159 33 203 170 111 110 25 
68 56 6 16 16 4
187 121 24 130 102 202 
92 48 5 10 10 4
122 97 99 147 138 
73 44 5 15 15 4
194 20 152 191 128 
49 7 4 26 26 5
32 203 170 26 
28 2 2 31 31 2
220 8 
101 31 4 13 13 4
141 140 20 95 
11 28 6 22 22 5
217 1 214 210 8 220 
22 18 4 8 9 6
70 84 188 59 
75 28 9 2 2 5
196 16 17 167 168 153 9 8 86 
25 51 4 2 2 4
83 55 54 147 
95 28 9 10 10 4
16 17 167 168 192 52 9 215 86 
95 84 2 19 19 2
64 52 
26 116 2 40 40 2
70 211 
108 11 5 14 14 5
175 177 10 15 12 
113 107 9 6 6 4
24 121 142 102 202 158 28 22 25 
41 79 3 24 26 5
97 98 108 
79 51 5 35 35 5
45 209 54 206 146 
100 120 6 11 11 4
35 34 108 98 51 54 
21 18 5 3 3 5
68 84 188 116 57 
80 53 5 17 21 12
181 182 105 106 205 
15 24 4 3 3 5
46 59 56 77 
36 17 4 35 35 5
111 123 97 51 
94 51 5 21 21 5
204 40 39 101 212 
54 35 5 17 18 6
155 31 219 3 214 
117 28 5 5 7 10
15 13 210 215 86 
117 74 7 9 9 5
15 1 2 107 207 5 220 
107 72 5 20 20 4
93 117 48 50 193 
1 78 4 33 33 4
2 210 215 195 
42 63 5 12 12 5
125 155 31 219 173 
22 82 6 23 23 5
73 14 217 36 31 166 
129 37 8 29 29 5
120 7 6 13 14 119 127 112 
93 22 4 22 22 4
36 12 14 211 
86 41 6 39 39 5
145 146 206 54 51 97 
58 1 4 33 33 4
164 10 15 1 
109 100 4 35 35 4
102 202 33 35 
31 2 5 36 36 5
96 200 195 220 5 
72 105 2 2 2 2
49 208 
100 102 4 9 9 4
35 32 140 20 
95 28 6 4 4 4
196 197 52 9 215 220 
11 108 5 31 31 4
12 15 10 164 163 
64 99 18 40 40 4
176 10 164 163 189 128 118 7 210 2 3 166 31 36 217 14 73 72 
75 98 2 16 16 2
197 192 
13 7 4 7 7 5
40 204 93 25 
56 124 5 2 2 5
202 102 130 161 162 
82 99 7 26 26 5
166 31 36 12 14 211 72 
109 94 6 21 21 4
102 202 158 28 29 93 
44 11 5 33 33 4
118 7 6 13 12 
42 63 5 16 16 5
125 155 31 219 173 
35 115 9 26 26 5
210 207 120 178 177 164 163 189 191 
12 20 2 13 13 2
216 60 
105 51 5 38 38 4
193 42 41 139 145 
12 20 2 14 15 5
216 60 
94 47 5 21 21 5
117 48 49 193 137 
8 49 4 22 22 5
28 158 159 141 
9 104 4 5 5 5
30 213 168 192 
36 120 6 11 11 5
110 25 26 123 97 99 
101 7 4 1 1 4
202 158 28 22 
56 36 4 21 21 5
33 35 170 111 
36 109 4 15 15 5
110 29 27 142 
13 7 4 5 5 5
40 204 93 25 
1 108 8 34 34 5
2 210 215 129 118 120 178 175 
117 44 7 40 40 4
15 1 214 107 207 215 129 
56 102 4 16 16 4
159 141 140 20 
117 26 6 3 3 5
176 177 37 127 71 70 
116 22 2 23 23 2
23 72 
117 88 5 1 1 5
10 37 127 112 114 
75 125 4 14 14 5
196 16 17 126 
93 82 2 22 22 2
31 166 
47 50 4 39 39 4
136 199 134 132 
94 51 4 36 36 4
204 40 41 138 
104 9 5 29 29 5
192 168 169 126 30 
49 7 5 28 28 4
141 159 158 28 22 
32 79 2 33 33 2
98 108 
1 11 2 34 34 2
1 12 
61 88 6 21 21 4
171 139 138 146 4 79 
51 25 6 15 15 4
147 99 51 53 108 81 
63 42 5 13 13 4
173 219 31 155 125 
84 11 7 16 16 4
9 207 120 178 176 15 12 
66 15 4 4 4 5
183 149 150 47 
2 22 5 32 32 5
6 13 14 23 72 
11 21 4 10 10 5
217 14 73 67 
79 36 7 36 36 5
108 53 54 99 97 123 111 
117 26 4 15 15 4
15 14 73 70 
51 25 8 10 10 5
146 88 87 79 54 55 45 81 
99 82 6 24 24 5
23 14 217 36 31 166 
101 71 4 19 19 4
102 142 187 186 
44 11 5 23 23 4
118 107 214 1 12 
92 48 6 12 12 4
122 97 99 206 146 138 
113 87 4 13 13 5
76 185 184 194 
73 74 4 7 7 4
94 96 200 195 
67 81 4 5 5 4
160 161 24 121 
65 62 4 37 38 7
156 44 43 92 
102 40 4 8 8 5
152 191 128 118 
17 32 2 21 21 2
53 98 
93 22 5 25 25 4
36 12 14 23 72 
26 117 5 26 26 4
70 73 119 37 10 
80 93 5 6 6 5
181 182 105 106 31 
35 129 2 22 22 2
107 120 
81 67 4 11 11 4
121 24 161 160 
63 84 6 38 39 6
174 126 17 16 64 52 
88 99 6 2 2 5
114 112 69 67 211 23 
40 31 5 10 10 4
7 8 195 200 96 
100 17 4 20 20 4
203 34 45 209 
113 7 4 20 20 4
24 121 27 22 
113 7 4 19 19 4
24 121 27 22 
63 42 6 3 3 4
151 154 31 155 148 124 
124 102 4 11 11 5
185 184 194 20 
22 18 8 11 11 5
211 119 127 69 68 84 188 59 
39 33 2 22 23 4
40 39 
28 35 2 20 20 2
5 6 
50 6 2 21 21 2
132 19 
93 80 5 5 5 5
31 106 105 182 181 
95 98 2 32 32 2
64 192 
89 29 3 5 5 2
4 79 87 
99 116 2 31 31 2
72 73 
73 102 2 10 10 2
94 95 
62 114 2 37 37 2
172 90 
49 10 3 12 12 2
141 159 33 
50 114 2 1 1 2
62 63 
6 77 4 40 40 2
19 134 199 198 
116 28 7 36 36 5
14 1 2 107 7 8 86 
12 50 2 35 35 2
38 62 
6 3 2 5 5 2
21 11 
109 57 4 10 10 2
142 121 24 161 
80 54 4 1 1 3
181 104 103 125 
129 28 4 15 15 3
120 207 8 220 
2 95 5 39 39 3
9 153 192 197 196 
61 6 3 3 3 3
165 133 19 
12 50 2 25 27 5
216 62 
95 9 3 9 9 3
16 17 30 
51 33 2 40 40 2
212 101 
81 118 3 21 21 2
142 130 24 
122 121 2 5 7 5
150 149 
1 129 2 4 4 2
2 109 
99 116 5 6 6 2
72 67 69 127 119 
102 101 3 26 26 3
20 140 141 
72 105 2 32 32 2
49 50 
58 127 4 2 2 2
163 175 176 10 
27 114 2 16 19 7
77 78 
89 79 5 13 13 4
206 54 55 83 81 
6 76 3 16 16 2
19 134 199 
56 7 3 18 18 3
158 28 22 
16 76 3 1 2 5
201 137 136 
88 21 3 40 40 3
114 112 69 
12 114 2 2 2 2
38 63 
53 82 2 2 2 2
154 166 
37 43 2 16 16 2
113 127 
41 33 3 16 17 5
123 111 100 
81 124 3 12 12 3
121 24 76 
73 108 4 37 37 4
94 96 190 189 
118 71 3 17 17 3
121 187 186 
95 125 6 16 16 3
64 52 153 168 167 126 
22 83 2 3 3 2
211 119 
17 79 2 39 39 2
55 45 
17 37 5 6 6 3
54 4 88 87 114 
120 106 3 37 37 3
206 88 89 
44 129 2 24 24 2
118 120 
3 6 2 9 9 2
11 21 
18 38 2 2 2 2
59 116 
31 87 2 1 1 2
94 194 
27 20 3 19 19 2
74 75 65 
92 25 6 38 38 2
98 99 54 209 45 81 
3 76 2 11 11 2
11 198 
50 88 3 34 34 3
144 91 87 
7 41 2 6 6 2
26 123 
129 28 4 27 27 3
109 210 8 220 
41 100 4 14 14 2
122 108 34 35 
12 114 2 3 3 2
38 63 
72 94 3 16 18 7
49 48 204 
99 43 4 1 1 2
23 211 67 69 
47 72 3 3 3 2
137 208 49 
7 41 2 8 9 5
26 123 
18 38 2 22 35 9
59 116 
16 105 2 40 40 2
49 193 
111 63 2 3 3 2
166 173 
38 18 2 36 37 2
116 59 
72 16 2 39 39 2
193 208 
89 88 2 1 1 2
4 79 
4 40 3 3 3 2
13 6 207 
99 43 5 37 37 2
72 211 119 113 112 
34 96 2 4 4 2
104 182 
51 120 2 11 11 2
146 4 
62 114 2 38 38 2
172 90 
53 82 2 4 4 2
205 219 
105 72 2 5 6 2
50 49 
9 63 3 30 30 3
30 126 174 
116 99 2 4 4 2
211 72 
2 82 7 31 31 3
7 107 13 217 36 31 166 
69 99 3 1 1 3
84 70 72 
107 41 3 10 10 3
25 26 123 
64 40 2 1 1 2
178 120 
127 99 4 33 33 3
37 119 73 72 
115 44 2 34 34 2
191 128 
81 71 2 15 15 2
187 186 
98 125 2 30 30 2
168 169 
64 11 4 13 13 3
177 10 15 12 
115 31 2 9 9 2
152 95 
49 100 2 29 29 2
32 35 
45 24 3 16 16 3
75 74 218 
12 45 3 21 21 3
38 60 65 
115 112 2 2 2 2
191 190 
13 94 2 24 27 7
40 117 
32 25 4 22 22 3
98 108 45 83 
75 125 6 15 15 5
196 64 192 168 167 126 
89 29 3 2 2 2
206 79 87 
17 25 2 24 24 2
209 83 
92 32 4 37 37 2
108 45 209 51 
32 119 2 4 4 2
97 123 
58 129 4 20 20 3
164 10 176 178 
78 129 4 26 26 4
195 8 6 109 
85 14 2 22 24 6
157 44 
45 24 3 17 17 3
75 74 218 
115 64 3 29 29 3
191 189 175 
31 44 4 4 4 3
96 200 195 129 
23 12 3 38 38 3
74 61 216 
57 109 2 38 38 2
161 130 
96 121 2 2 2 2
182 183 
11 1 2 4 4 2
217 1 
121 122 2 8 15 10
149 150 
40 11 4 8 8 3
107 2 1 12 
72 105 2 31 31 2
49 50 
27 12 2 39 40 5
61 38 
80 96 3 3 3 2
181 104 105 
65 85 2 21 21 2
156 157 
45 106 2 20 20 2
65 66 
7 36 2 12 12 2
25 110 
90 49 3 33 33 3
158 159 141 
83 99 5 19 19 2
113 112 71 73 23 
21 26 6 5 5 2
69 127 119 23 72 70 
98 95 2 2 3 4
192 64 
75 84 2 2 2 2
197 52 
98 75 2 18 18 2
192 197 
126 41 3 4 4 3
209 53 122 
16 94 2 4 4 2
48 204 
26 18 3 21 21 3
84 188 59 
73 57 2 9 9 2
184 160 
62 114 2 39 39 2
172 90 
99 26 3 4 4 2
23 73 70 
22 37 4 17 17 2
72 23 119 113 
41 7 2 21 21 2
123 26 
87 10 2 3 3 2
140 32 
49 102 2 17 17 2
140 20 
6 3 2 23 33 14
21 11 
46 76 2 6 7 5
134 199 
35 78 3 28 28 3
6 215 195 
117 108 2 12 12 2
176 175 
118 109 2 8 8 2
121 142 
14 85 2 25 31 11
44 157 
87 10 2 11 11 2
140 32 
124 109 3 40 40 2
162 161 130 
124 67 2 16 25 8
162 160 
97 84 3 12 12 3
167 168 153 
2 11 5 24 24 3
207 107 214 1 12 
125 9 2 2 2 2
126 30 
94 33 3 28 31 8
117 40 39 
35 11 2 21 21 2
13 12 
113 67 2 1 1 2
76 185 
85 14 2 32 34 6
157 44 
71 124 5 35 36 9
186 187 121 24 76 
118 124 2 37 37 2
24 76 
88 126 3 22 22 3
79 54 209 
93 82 2 25 25 2
31 166 
74 35 2 23 24 4
215 210 
28 35 2 15 15 2
5 210 
116 21 3 16 16 2
23 72 67 
106 88 2 32 33 4
89 87 
76 61 2 15 15 2
136 135 
71 118 3 21 21 3
186 187 121 
4 35 2 29 29 2
1 214 
80 42 4 22 25 8
181 182 105 103 
28 44 2 37 37 2
86 129 
117 108 3 21 21 2
10 164 163 
14 85 2 35 35 2
44 157 
58 115 3 27 27 3
163 189 191 
37 51 3 7 7 3
114 79 147 
66 42 3 26 29 7
182 105 103 
88 51 2 12 12 2
79 147 
89 51 2 8 9 2
4 147 
130 120 3 40 40 3
91 88 4 
81 71 2 22 28 11
187 186 
99 26 5 7 7 2
23 119 127 69 68 
112 108 2 36 36 2
190 189 
104 98 6 17 17 2
197 196 16 17 167 168 
78 35 3 39 39 3
195 215 210 
76 6 3 17 17 2
199 134 19 
36 7 3 16 16 2
110 29 22 
71 118 3 37 37 3
186 187 121 
6 76 3 19 19 2
19 134 199 
105 72 2 24 28 5
50 49 
75 98 5 19 19 2
196 16 17 167 168 
75 84 3 13 13 2
197 192 153 
125 95 5 20 20 3
126 167 168 192 64 
28 40 2 34 34 2
5 7 
54 122 2 2 2 2
148 150 
34 80 3 36 40 9
105 182 181 
17 41 5 23 23 2
209 45 108 98 97 
81 71 2 29 32 6
187 186 
94 72 4 15 15 3
204 48 50 193 
24 23 2 39 40 4
218 74 
99 116 2 28 28 2
72 73 
4 82 4 27 27 2
12 36 31 166 
40 28 3 16 16 2
118 129 220 
75 125 5 6 6 4
197 192 168 213 126 
54 82 3 15 15 2
155 31 219 
4 35 2 5 5 2
1 2 
65 38 2 4 4 2
180 115 
61 72 3 11 11 3
135 137 193 
25 32 4 2 2 3
81 45 209 51 
20 12 2 4 4 2
60 38 
10 17 4 7 8 6
34 108 98 51 
108 115 2 20 20 2
189 191 
99 26 3 28 31 7
23 211 70 
40 35 2 33 33 2
120 109 
104 125 5 11 11 3
197 196 16 17 126 
125 9 3 10 10 2
169 213 30 
50 20 2 2 3 4
62 60 
127 35 3 31 31 3
177 178 109 
120 48 2 11 11 2
147 138 
102 112 3 35 35 2
152 191 190 
2 78 2 22 22 2
215 195 
57 109 2 39 39 2
161 130 
127 129 2 33 33 2
177 178 
39 105 2 19 19 2
48 50 
41 36 2 19 19 2
123 111 
6 76 3 34 34 2
19 134 199 
25 41 4 38 38 3
83 55 51 97 
56 8 2 9 9 2
158 28 
67 57 3 31 32 2
185 76 161 
22 99 2 36 36 2
211 23 
17 41 2 11 11 2
53 122 
9 98 3 39 39 3
30 167 168 
26 21 3 17 17 2
70 71 69 
16 61 3 22 29 16
208 137 135 
75 84 2 14 14 2
197 52 
37 21 2 4 4 2
112 69 
35 11 3 6 6 2
2 1 12 
106 88 2 35 36 5
89 87 
125 97 2 7 7 2
169 213 
32 79 3 36 36 2
51 209 45 
72 16 2 4 4 2
193 50 
85 65 2 5 17 8
157 156 
54 82 3 20 20 2
155 31 219 
12 50 2 20 20 2
38 62 
39 33 2 32 33 4
40 39 
50 76 3 10 10 3
132 134 199 
69 18 2 17 17 2
188 59 
107 33 2 20 20 2
110 100 
48 72 2 21 21 2
41 42 
105 72 2 19 19 2
201 49 
38 18 2 38 40 3
116 59 
67 109 4 34 34 3
160 162 76 130 
74 112 2 38 38 2
195 200 
124 67 2 26 26 2
162 160 
99 26 2 19 19 2
72 70 
53 82 2 33 33 2
205 166 
120 25 6 14 14 3
99 98 53 55 45 81 
126 25 5 1 1 2
209 51 98 108 81 
36 7 2 27 27 2
110 25 
67 113 2 6 6 2
185 76 
25 92 4 10 10 2
83 209 51 98 
79 92 4 39 39 2
81 83 209 53 
25 17 3 11 11 2
81 45 209 
108 115 2 23 23 2
189 191 
89 88 2 3 4 4
88 87 
99 26 3 38 38 2
23 211 70 
110 50 2 12 12 2
134 132 
78 40 3 29 29 3
195 8 207 
79 92 4 40 40 2
81 83 55 53 
49 100 2 30 32 5
32 203 
74 35 2 35 35 2
8 210 
106 88 2 38 38 2
89 87 
67 124 2 27 29 3
160 162 
53 82 2 29 29 2
205 219 
79 17 2 4 4 2
45 55 
109 71 3 33 33 3
142 187 186 
95 75 2 10 10 2
64 197 
35 40 2 11 11 2
6 7 
18 69 2 18 18 2
59 188 
12 50 2 22 22 2
38 62 
108 127 2 4 4 2
163 164 
28 2 2 39 39 2
86 8 
11 82 3 39 39 2
36 31 219 
75 97 3 16 16 3
196 16 17 
12 50 2 16 19 7
216 62 
75 84 2 40 40 2
197 52 
67 124 2 30 30 2
160 162 
10 17 4 9 9 3
34 108 98 51 
44 84 3 5 6 6
118 207 9 
127 108 2 5 5 2
164 163 
85 65 2 18 19 2
157 156 
49 73 2 20 20 2
140 194 
121 54 2 32 34 5
149 148 
26 116 2 33 33 2
70 211 
17 25 3 32 33 4
55 45 81 
112 115 2 17 18 4
190 191 
37 99 4 36 36 3
113 119 73 72 
54 121 2 35 38 7
148 149 
60 95 3 14 14 3
168 192 64 
79 41 3 32 32 2
108 98 97 
105 61 2 30 32 5
137 135 
5 98 3 4 4 3
16 64 192 
79 17 3 28 29 5
81 83 209 
53 82 2 32 32 2
205 219 
99 37 3 21 21 3
72 71 112 
25 41 4 30 31 6
81 108 98 97 
7 36 3 17 17 2
22 29 110 
46 76 2 13 13 2
134 199 
41 32 2 36 36 2
122 98 
58 117 2 34 34 2
164 10 
47 72 3 33 33 2
137 208 49 
64 127 2 15 15 2
176 10 
37 43 2 40 40 2
113 127 
127 108 2 6 6 2
164 163 
95 84 4 34 34 2
196 197 192 153 
88 51 2 6 6 2
79 147 
32 17 2 3 3 2
98 53 
85 65 2 20 20 2
157 156 
104 84 2 30 30 2
192 153 
97 60 2 28 28 2
126 169 
35 40 2 27 27 2
6 7 
9 60 2 22 22 2
30 167 
99 22 2 27 27 2
23 73 
35 11 2 30 30 2
13 12 
9 60 2 23 23 2
30 167 
102 49 2 21 21 2
20 140 
21 116 3 18 18 2
69 71 73 
107 13 3 6 6 3
93 204 40 
125 97 2 3 3 2
169 167 
18 69 2 19 19 2
59 188 
88 130 2 39 39 2
87 91 
126 92 3 19 19 2
83 81 108 
89 32 2 4 4 2
206 99 
75 84 3 37 37 2
197 192 153 
95 84 3 21 21 2
196 197 52 
35 44 3 25 25 2
210 7 118 
74 40 2 8 8 2
215 207 
72 16 2 10 10 2
193 50 
13 94 2 12 13 4
40 204 
47 16 2 38 38 2
137 201 
86 51 2 22 33 8
139 138 
82 42 4 10 10 3
166 31 155 125 
36 7 2 29 29 2
110 25 
53 82 2 34 37 6
205 219 
111 42 3 11 11 2
31 155 125 
43 88 2 16 16 2
112 114 
54 121 2 39 40 5
148 149 
125 97 2 2 2 2
169 213 
97 125 2 38 39 2
213 169 
102 73 2 36 36 2
95 94 
97 95 2 15 15 2
17 16 
53 82 2 40 40 2
205 219 
99 116 2 24 24 2
72 73 
79 41 2 20 20 2
108 122 
109 124 2 14 14 2
130 76 
7 36 2 30 31 5
25 110 
6 50 2 37 37 2
19 132 
49 102 2 34 34 2
140 20 
13 94 2 10 10 2
40 204 
88 106 2 40 40 2
87 89 
104 95 2 5 5 2
197 196 
28 40 3 26 26 2
220 215 7 
61 76 2 37 37 2
135 136 
88 89 2 11 11 2
87 88 
97 95 2 18 18 2
17 16 
72 16 2 12 12 2
193 201 
16 72 2 13 13 2
50 193 
28 35 4 7 7 2
220 8 207 107 
17 41 2 14 14 2
51 97 
116 26 2 10 10 2
211 70 
37 21 2 30 30 2
112 69 
11 35 2 40 40 2
12 13 
12 50 2 23 24 4
216 62 
97 60 2 24 24 2
126 169 
32 92 2 13 13 2
51 53 
72 16 2 34 34 2
193 201 
44 2 2 36 36 2
129 215 
75 98 2 12 12 2
197 192 
37 21 2 31 31 2
112 69 
20 12 2 5 12 13
60 216 
41 17 5 27 27 2
97 98 108 45 55 
26 116 2 20 20 2
70 211 
26 116 2 22 22 2
70 73 
129 2 2 2 2 2
120 7 
7 36 2 32 33 4
25 110 
72 47 3 37 37 2
49 50 137 
21 116 2 7 7 2
67 73 
44 28 2 3 3 2
129 220 
61 76 2 38 38 2
135 136 
70
25
88 108 215 2 163 216 146 192 15 13 98 99 24 180 182 91 150 28 128 119 57 84 51 218 12 
26
159 175 8 179 43 200 193 89 59 73 184 16 143 27 105 101 210 20 124 213 167 165 185 162 135 55 
24
110 48 8 176 162 146 69 97 209 181 50 167 64 33 91 38 105 145 123 219 154 149 67 112 
30
112 139 212 98 159 26 128 205 25 51 46 107 141 31 33 4 50 211 41 129 54 202 199 157 103 152 58 32 12 68 
24
177 72 53 75 123 188 27 137 106 61 166 141 175 97 118 111 46 89 192 194 178 113 112 147 
29
5 58 165 131 75 19 148 83 92 66 197 35 49 114 26 115 69 7 34 37 135 182 183 143 39 48 40 3 132 
28
70 15 190 179 182 168 189 39 89 12 13 120 90 99 124 197 71 194 117 125 5 126 106 136 31 40 145 72 
27
88 8 158 173 17 153 170 67 114 183 55 21 163 37 23 74 200 127 91 190 83 143 209 207 65 116 80 
25
29 210 36 9 28 149 34 163 91 33 18 44 42 201 137 21 190 157 189 104 32 180 115 178 8 
29
27 7 216 204 115 173 88 130 201 219 45 90 208 74 193 167 37 13 86 177 19 50 8 83 103 66 100 82 28 
25
130 143 214 147 181 189 98 70 54 159 131 64 89 47 172 145 164 73 149 86 139 41 220 118 112 
29
9 66 166 120 18 82 54 118 195 144 167 163 202 150 10 23 141 204 184 126 88 16 153 111 96 147 41 156 57 
26
157 53 158 168 178 58 124 217 153 204 89 169 35 70 135 66 14 205 103 198 72 196 106 33 42 220 
30
94 135 126 173 102 190 197 170 75 169 184 104 218 6 206 168 4 123 147 138 21 78 42 152 49 60 86 50 47 164 
30
61 141 162 134 58 1 76 121 208 32 210 145 106 119 68 87 150 56 191 132 33 45 39 65 46 178 105 37 5 17 
27
57 27 195 115 208 33 190 125 85 103 202 148 178 153 177 132 113 1 192 109 102 31 53 62 214 111 106 
30
85 93 56 32 13 24 211 34 219 116 191 176 35 60 166 201 140 6 143 26 170 123 159 194 70 50 215 94 206 147 
24
70 170 190 171 145 142 77 124 103 31 120 20 63 52 26 62 75 97 64 56 175 205 93 216 
26
194 199 40 70 59 126 34 98 42 115 88 63 122 197 127 170 95 114 188 137 25 124 182 116 74 50 
28
138 98 43 130 78 73 142 165 179 86 141 39 202 62 122 195 123 47 162 4 22 215 184 14 192 72 29 25 
24
119 171 177 148 5 198 153 127 74 8 129 80 105 162 205 35 33 114 138 98 23 126 93 27 
27
129 33 7 214 74 162 14 208 142 1 83 91 88 164 138 40 175 190 131 47 155 61 179 125 4 19 176 
26
129 127 203 189 134 143 59 103 34 6 209 89 148 45 135 162 37 22 50 94 115 218 40 109 142 58 
24
129 202 199 14 97 84 34 159 157 85 40 138 73 56 130 209 67 96 196 108 35 180 64 70 
27
89 46 75 202 53 193 97 35 17 190 64 27 130 111 51 50 143 69 185 52 4 138 55 25 139 168 92 
29
122 64 193 109 102 213 196 92 49 75 198 31 210 125 13 46 185 96 194 57 156 164 160 101 175 86 123 138 87 
30
167 55 162 176 7 138 111 34 190 6 12 175 135 201 165 80 183 61 139 107 71 42 73 148 159 85 105 41 58 95 
30
12 43 89 13 108 128 142 148 77 154 99 20 174 206 165 57 201 53 118 22 21 54 6 157 83 52 189 111 144 116 
30
21 219 127 134 172 39 23 117 115 25 24 69 204 158 36 74 26 48 97 81 29 42 177 58 156 207 206 145 194 73 
27
64 200 94 58 188 31 108 59 53 211 81 213 91 36 42 173 215 164 121 40 189 174 13 149 105 154 196 
27
13 154 67 171 52 7 123 21 3 81 25 200 44 202 79 35 152 130 75 215 165 196 156 18 59 108 76 
24
197 65 19 178 173 139 121 136 140 135 95 155 40 217 55 175 193 2 148 143 44 216 6 22 
27
47 195 99 122 51 20 180 204 17 54 58 138 184 149 118 59 188 129 80 170 85 174 5 29 153 100 4 
27
112 67 194 162 28 36 57 191 149 93 45 143 22 110 34 64 134 177 25 131 189 207 176 61 148 167 33 
29
133 132 149 29 218 121 200 7 99 217 12 48 69 198 180 101 178 122 157 150 8 91 173 89 37 125 206 98 107 
28
86 100 28 5 77 44 188 91 56 213 203 85 118 113 183 13 24 155 39 29 37 57 124 135 49 125 216 19 
28
71 217 144 65 180 18 103 130 132 211 105 61 55 68 139 123 194 152 210 202 24 109 169 2 44 52 102 116 
26
200 92 181 24 39 211 171 185 111 3 99 22 197 146 61 209 219 153 154 151 6 56 52 94 116 144 
29
58 203 115 113 103 131 84 98 79 61 144 176 170 133 197 66 143 15 44 214 104 137 130 156 181 119 38 169 108 
29
123 149 205 142 64 99 29 101 86 3 69 191 219 39 34 201 57 68 163 4 172 204 53 138 85 158 161 148 63 
28
170 151 126 107 122 152 176 181 42 38 171 132 196 154 6 102 55 66 98 59 28 131 182 123 70 37 21 138 
29
141 6 62 179 14 180 170 155 40 206 203 164 118 135 49 107 80 199 8 86 112 200 174 55 114 106 32 178 20 
24
157 214 89 2 105 12 145 46 36 154 26 92 59 151 136 198 15 184 113 9 27 109 210 13 
27
209 101 173 127 220 138 98 203 102 114 23 113 47 81 84 50 144 52 190 134 160 137 86 176 77 197 66 
28
100 165 162 198 26 101 195 2 75 156 107 1 117 4 121 153 60 217 194 177 213 178 185 67 215 9 56 208 
25
64 160 203 99 131 178 218 49 121 81 136 198 155 88 141 132 124 20 182 212 177 70 154 86 94 
30
1 206 105 210 153 161 58 147 66 22 17 15 25 74 18 115 27 33 79 6 73 204 67 128 110 202 164 141 197 160 
25
215 113 16 12 180 68 45 168 132 140 189 40 165 124 182 24 158 31 95 87 220 13 82 49 58 
30
193 118 126 32 19 181 143 74 129 109 168 65 95 180 4 178 213 219 25 184 26 157 159 87 220 91 45 66 205 210 
26
131 76 71 197 204 49 9 212 136 176 191 146 184 103 113 198 108 200 82 215 138 93 19 43 194 12 
29
97 185 114 210 184 16 209 148 126 150 27 36 61 151 116 141 96 75 32 37 82 108 177 104 91 173 4 56 206 
28
212 202 190 131 157 86 80 27 109 9 171 87 124 136 24 183 177 99 97 159 135 91 18 161 188 152 111 150 
26
61 21 89 142 154 184 82 23 180 194 51 177 211 24 164 38 55 208 192 207 97 209 197 218 137 151 
27
38 113 208 163 143 55 128 43 82 100 96 87 148 182 127 220 56 158 39 181 140 94 6 126 191 136 212 
26
197 128 81 79 219 71 88 47 8 80 22 100 17 163 74 162 202 45 172 215 13 36 192 28 41 98 
28
67 138 149 29 37 76 3 6 34 82 202 165 208 196 26 42 103 53 19 140 84 158 211 168 137 200 54 88 
29
132 123 32 110 160 92 140 194 80 96 1 127 128 173 148 57 61 135 95 17 7 39 21 69 54 36 23 29 165 
29
195 56 48 214 145 153 130 109 125 116 126 55 101 71 206 174 32 80 208 218 92 134 85 205 51 12 113 107 70 
27
41 107 157 1 99 213 168 85 139 190 110 27 144 32 50 156 136 184 161 183 22 25 174 149 63 122 55 
29
57 104 23 156 210 152 130 4 74 14 175 46 185 147 52 9 61 169 22 164 200 77 38 62 16 105 161 117 48 
27
93 205 94 208 95 37 81 77 175 9 219 33 118 154 56 69 126 141 164 138 122 28 47 220 170 188 98 
28
2 10 130 205 216 41 17 147 119 34 193 166 206 200 156 212 196 110 13 164 22 81 139 104 155 113 52 219 
26
66 214 65 2 171 155 126 124 200 50 168 219 9 213 118 194 62 5 142 215 23 54 92 51 93 84 
25
61 118 113 192 98 62 119 190 198 191 97 217 28 145 168 201 214 114 121 12 189 37 148 164 59 
25
213 78 197 68 37 7 35 199 129 54 179 86 14 109 53 48 172 6 70 105 189 9 115 65 77 
24
206 17 53 198 163 219 8 91 103 114 178 213 33 136 55 154 201 24 23 126 71 175 169 210 
26
12 99 190 79 128 170 130 52 193 118 165 124 194 173 214 121 90 182 116 108 98 206 57 203 151 27 
24
39 59 74 165 213 6 119 116 140 46 18 23 207 112 114 14 130 171 174 180 177 164 70 220 
28
55 201 208 214 38 83 85 106 184 217 17 29 118 206 96 145 151 71 31 112 190 90 205 104 46 12 41 101 
30
209 188 211 205 164 116 146 67 29 111 54 136 195 192 57 55 93 6 4 208 108 59 79 162 77 53 33 220 177 197 
